0 0.2861328125 0.4453125 0.0732421875 0.0517578125
0 0.8125 0.37158203125 0.0146484375 0.01171875
0 0.7080078125 0.669921875 0.0263671875 0.0205078125
0 0.9228515625 0.59228515625 0.0078125 0.005859375
0 0.916015625 0.53076171875 0.009765625 0.005859375
0 0.86328125 0.4892578125 0.009765625 0.0078125
0 0.783203125 0.552734375 0.0078125 0.005859375
0 0.76171875 0.5810546875 0.0078125 0.005859375
0 0.76513671875 0.5537109375 0.015625 0.017578125
0 0.73779296875 0.5498046875 0.0126953125 0.009765625
0 0.80908203125 0.455078125 0.0078125 0.0048828125
0 0.85888671875 0.34765625 0.0087890625 0.005859375
0 0.76904296875 0.3857421875 0.025390625 0.017578125
0 0.7822265625 0.3369140625 0.005859375 0.00390625
0 0.78125 0.33056640625 0.0078125 0.00390625
0 0.7705078125 0.283203125 0.013671875 0.009765625
0 0.84912109375 0.58984375 0.005859375 0.00390625
0 0.6494140625 0.5498046875 0.009765625 0.005859375
0 0.70361328125 0.505859375 0.0068359375 0.0078125
0 0.7158203125 0.50732421875 0.005859375 0.00390625
0 0.7724609375 0.50341796875 0.005859375 0.005859375
0 0.7412109375 0.46826171875 0.009765625 0.0068359375
0 0.81787109375 0.490234375 0.0078125 0.0078125
0 0.68798828125 0.474609375 0.01171875 0.009765625
0 0.66455078125 0.50048828125 0.01171875 0.005859375
0 0.67724609375 0.451171875 0.0078125 0.005859375
0 0.6455078125 0.47998046875 0.0078125 0.005859375
0 0.64990234375 0.46435546875 0.009765625 0.005859375
0 0.642578125 0.44677734375 0.0087890625 0.0078125
0 0.77197265625 0.2578125 0.0078125 0.0048828125
0 0.7001953125 0.3193359375 0.0087890625 0.0048828125
0 0.6572265625 0.35888671875 0.0126953125 0.0078125
0 0.6484375 0.31201171875 0.009765625 0.0078125
0 0.669921875 0.341796875 0.021484375 0.0107421875
0 0.67138671875 0.30078125 0.03125 0.0234375
0 0.580078125 0.20458984375 0.0419921875 0.021484375
0 0.58837890625 0.2822265625 0.0107421875 0.005859375
0 0.60400390625 0.326171875 0.009765625 0.0078125
0 0.60546875 0.40234375 0.009765625 0.005859375
0 0.60888671875 0.3837890625 0.0078125 0.0068359375
0 0.58056640625 0.408203125 0.009765625 0.005859375
0 0.59619140625 0.4111328125 0.009765625 0.0078125
0 0.5537109375 0.3984375 0.044921875 0.033203125
0 0.525390625 0.42919921875 0.0087890625 0.0048828125
0 0.533203125 0.341796875 0.0078125 0.0068359375
0 0.5380859375 0.3203125 0.013671875 0.01171875
0 0.55224609375 0.31494140625 0.0087890625 0.0078125
0 0.56494140625 0.31103515625 0.01171875 0.0078125
0 0.5439453125 0.30078125 0.0078125 0.005859375
0 0.52880859375 0.298828125 0.0107421875 0.0068359375
0 0.470703125 0.3076171875 0.009765625 0.0078125
0 0.482421875 0.2412109375 0.021484375 0.015625
0 0.505859375 0.23193359375 0.01171875 0.0078125
0 0.40869140625 0.38916015625 0.009765625 0.0078125
0 0.47705078125 0.2041015625 0.015625 0.0078125
0 0.39501953125 0.22412109375 0.0166015625 0.013671875
0 0.35986328125 0.26416015625 0.015625 0.01171875
0 0.3486328125 0.2890625 0.0078125 0.0078125
0 0.34765625 0.3447265625 0.01171875 0.0107421875
0 0.39599609375 0.3359375 0.005859375 0.005859375
0 0.4228515625 0.3935546875 0.005859375 0.005859375
0 0.431640625 0.37939453125 0.009765625 0.009765625
0 0.44189453125 0.37255859375 0.0078125 0.005859375
0 0.3994140625 0.43408203125 0.013671875 0.0078125
0 0.41796875 0.359375 0.021484375 0.0126953125
0 0.41650390625 0.34326171875 0.0078125 0.005859375
0 0.4501953125 0.2744140625 0.0078125 0.005859375
0 0.42529296875 0.265625 0.0068359375 0.005859375
0 0.41650390625 0.26171875 0.0078125 0.005859375
0 0.41064453125 0.3203125 0.013671875 0.013671875
0 0.439453125 0.236328125 0.013671875 0.0078125
0 0.3046875 0.2783203125 0.0078125 0.0078125
0 0.28662109375 0.2802734375 0.0078125 0.005859375
0 0.2451171875 0.3232421875 0.0078125 0.005859375
0 0.27392578125 0.34326171875 0.0078125 0.0078125
0 0.29296875 0.33544921875 0.0078125 0.00390625
0 0.3046875 0.34765625 0.0107421875 0.0068359375
0 0.28759765625 0.3671875 0.0068359375 0.0068359375
0 0.310546875 0.41015625 0.009765625 0.0078125
0 0.35107421875 0.302734375 0.0126953125 0.0078125
0 0.3623046875 0.31494140625 0.0078125 0.005859375
0 0.22900390625 0.408203125 0.0068359375 0.005859375
0 0.2236328125 0.35693359375 0.0078125 0.005859375
0 0.181640625 0.4306640625 0.052734375 0.119140625
0 0.2275390625 0.4736328125 0.01953125 0.013671875
0 0.22998046875 0.455078125 0.009765625 0.0068359375
0 0.22998046875 0.38330078125 0.009765625 0.0078125
0 0.2353515625 0.41064453125 0.05859375 0.033203125
0 0.34765625 0.31689453125 0.005859375 0.00390625
0 0.79931640625 0.69677734375 0.0087890625 0.0068359375
0 0.82861328125 0.71728515625 0.0146484375 0.009765625
0 0.78076171875 0.7529296875 0.0078125 0.005859375
0 0.75732421875 0.76318359375 0.005859375 0.0078125
0 0.75634765625 0.72802734375 0.009765625 0.0078125
0 0.76025390625 0.68408203125 0.0087890625 0.0068359375
0 0.7353515625 0.72412109375 0.0078125 0.0048828125
0 0.69873046875 0.7158203125 0.0087890625 0.0068359375
0 0.66943359375 0.712890625 0.009765625 0.005859375
0 0.6435546875 0.6806640625 0.0126953125 0.0078125
0 0.63427734375 0.65185546875 0.0126953125 0.005859375
0 0.68603515625 0.62158203125 0.0107421875 0.0078125
0 0.701171875 0.60107421875 0.0126953125 0.0078125
0 0.68115234375 0.6123046875 0.0107421875 0.0078125
0 0.62060546875 0.77734375 0.0078125 0.0068359375
0 0.5859375 0.77099609375 0.01171875 0.0068359375
0 0.55322265625 0.7412109375 0.0126953125 0.005859375
0 0.61669921875 0.48974609375 0.015625 0.0087890625
0 0.583984375 0.56591796875 0.0078125 0.005859375
0 0.57861328125 0.63525390625 0.009765625 0.0068359375
0 0.5361328125 0.55224609375 0.013671875 0.015625
0 0.5126953125 0.54833984375 0.0107421875 0.0087890625
0 0.51904296875 0.58544921875 0.0068359375 0.0048828125
0 0.53076171875 0.59619140625 0.005859375 0.005859375
0 0.55419921875 0.5673828125 0.005859375 0.00390625
0 0.50244140625 0.57275390625 0.005859375 0.00390625
0 0.51220703125 0.60888671875 0.0087890625 0.0078125
0 0.60205078125 0.79443359375 0.0078125 0.0068359375
0 0.53173828125 0.796875 0.005859375 0.005859375
0 0.49560546875 0.7978515625 0.0078125 0.013671875
0 0.51611328125 0.76171875 0.009765625 0.0068359375
0 0.48779296875 0.7490234375 0.021484375 0.017578125
0 0.50244140625 0.73486328125 0.017578125 0.01171875
0 0.47509765625 0.77880859375 0.0078125 0.005859375
0 0.43994140625 0.76025390625 0.0078125 0.005859375
0 0.44970703125 0.73779296875 0.0068359375 0.005859375
0 0.4365234375 0.73681640625 0.009765625 0.0087890625
0 0.48974609375 0.7021484375 0.0078125 0.005859375
0 0.49169921875 0.67138671875 0.0078125 0.0048828125
0 0.5029296875 0.61767578125 0.0126953125 0.005859375
0 0.474609375 0.626953125 0.0068359375 0.00390625
0 0.4814453125 0.58251953125 0.0068359375 0.005859375
0 0.4541015625 0.6708984375 0.013671875 0.009765625
0 0.41943359375 0.6826171875 0.01171875 0.005859375
0 0.39453125 0.64892578125 0.009765625 0.0078125
0 0.36328125 0.68310546875 0.0078125 0.005859375
0 0.310546875 0.71826171875 0.013671875 0.013671875
0 0.2529296875 0.69873046875 0.015625 0.01171875
0 0.28076171875 0.640625 0.009765625 0.005859375
0 0.36376953125 0.60498046875 0.0078125 0.0087890625
0 0.43212890625 0.60107421875 0.009765625 0.0087890625
0 0.43701171875 0.5615234375 0.0078125 0.005859375
0 0.4189453125 0.564453125 0.0078125 0.0048828125
0 0.3984375 0.509765625 0.01171875 0.0078125
0 0.37841796875 0.490234375 0.01171875 0.0078125
0 0.30322265625 0.5302734375 0.0205078125 0.017578125
0 0.31689453125 0.51806640625 0.01171875 0.0078125
0 0.3037109375 0.5634765625 0.0107421875 0.0068359375
0 0.27783203125 0.556640625 0.01171875 0.0068359375
0 0.24951171875 0.56396484375 0.01171875 0.0078125
0 0.298828125 0.59765625 0.0146484375 0.009765625
0 0.3212890625 0.60986328125 0.005859375 0.005859375
0 0.3603515625 0.654296875 0.0068359375 0.005859375
0 0.26123046875 0.63427734375 0.009765625 0.0087890625
0 0.19873046875 0.59033203125 0.0107421875 0.0087890625
0 0.1767578125 0.59765625 0.0087890625 0.005859375
0 0.166015625 0.5380859375 0.013671875 0.009765625
0 0.1767578125 0.5888671875 0.0087890625 0.005859375
0 0.1875 0.5068359375 0.0107421875 0.009765625
0 0.2314453125 0.5244140625 0.01171875 0.0078125
0 0.2294921875 0.53662109375 0.005859375 0.0048828125
0 0.23681640625 0.5419921875 0.0078125 0.0078125