0 0.326171875 0.35400390625 0.0380859375 0.033203125
0 0.3369140625 0.38671875 0.0380859375 0.0302734375
0 0.6484375 0.36572265625 0.0654296875 0.078125
0 0.65625 0.7060546875 0.0146484375 0.0126953125
0 0.31640625 0.3955078125 0.0126953125 0.0126953125
0 0.5576171875 0.8076171875 0.0302734375 0.0185546875
0 0.60888671875 0.5966796875 0.0234375 0.0244140625
0 0.40771484375 0.31005859375 0.01171875 0.01171875
0 0.8291015625 0.4736328125 0.0126953125 0.0126953125
0 0.76953125 0.41845703125 0.013671875 0.0078125
0 0.8115234375 0.3828125 0.009765625 0.0078125
0 0.80810546875 0.37353515625 0.01171875 0.009765625
0 0.734375 0.4443359375 0.0078125 0.0078125
0 0.70654296875 0.435546875 0.009765625 0.009765625
0 0.69482421875 0.4296875 0.01171875 0.009765625
0 0.73583984375 0.52392578125 0.0146484375 0.0234375
0 0.798828125 0.51708984375 0.0126953125 0.0078125
0 0.81689453125 0.5283203125 0.013671875 0.01171875
0 0.83251953125 0.58154296875 0.015625 0.0078125
0 0.8671875 0.607421875 0.0107421875 0.005859375
0 0.900390625 0.541015625 0.01171875 0.0087890625
0 0.8779296875 0.455078125 0.01171875 0.0078125
0 0.8759765625 0.6708984375 0.01171875 0.0087890625
0 0.89306640625 0.59326171875 0.0078125 0.005859375
0 0.81396484375 0.640625 0.01171875 0.009765625
0 0.75146484375 0.6298828125 0.009765625 0.009765625
0 0.7958984375 0.68115234375 0.009765625 0.005859375
0 0.8310546875 0.71435546875 0.005859375 0.0087890625
0 0.84130859375 0.68310546875 0.0078125 0.005859375
0 0.78466796875 0.75048828125 0.017578125 0.0078125
0 0.736328125 0.728515625 0.0078125 0.009765625
0 0.71630859375 0.72998046875 0.0078125 0.009765625
0 0.7001953125 0.77783203125 0.01171875 0.0078125
0 0.708984375 0.6640625 0.009765625 0.009765625
0 0.7255859375 0.6611328125 0.01171875 0.009765625
0 0.60546875 0.7734375 0.01171875 0.009765625
0 0.61279296875 0.79833984375 0.0107421875 0.0087890625
0 0.6337890625 0.8017578125 0.01171875 0.005859375
0 0.6552734375 0.8134765625 0.0107421875 0.009765625
0 0.53515625 0.84130859375 0.013671875 0.0078125
0 0.5302734375 0.82861328125 0.009765625 0.00390625
0 0.48876953125 0.7646484375 0.0068359375 0.0078125
0 0.48681640625 0.70361328125 0.0107421875 0.009765625
0 0.51513671875 0.7001953125 0.0078125 0.0048828125
0 0.4892578125 0.66748046875 0.0107421875 0.0107421875
0 0.41357421875 0.67236328125 0.013671875 0.005859375
0 0.36767578125 0.720703125 0.021484375 0.015625
0 0.3779296875 0.75439453125 0.009765625 0.0087890625
0 0.37841796875 0.76904296875 0.009765625 0.0068359375
0 0.35693359375 0.78955078125 0.0107421875 0.005859375
0 0.23388671875 0.7314453125 0.01953125 0.013671875
0 0.21630859375 0.6865234375 0.015625 0.01171875
0 0.26220703125 0.673828125 0.0078125 0.005859375
0 0.19775390625 0.650390625 0.009765625 0.0078125
0 0.17626953125 0.65087890625 0.0087890625 0.005859375
0 0.15576171875 0.640625 0.0078125 0.0078125
0 0.22265625 0.69921875 0.009765625 0.009765625
0 0.13525390625 0.5869140625 0.0185546875 0.0166015625
0 0.20166015625 0.57421875 0.01171875 0.009765625
0 0.2412109375 0.56494140625 0.009765625 0.009765625
0 0.30712890625 0.583984375 0.0087890625 0.0048828125
0 0.29248046875 0.60009765625 0.005859375 0.005859375
0 0.3486328125 0.5732421875 0.009765625 0.0087890625
0 0.33642578125 0.52490234375 0.009765625 0.0068359375
0 0.33837890625 0.533203125 0.0107421875 0.0078125
0 0.2919921875 0.48291015625 0.009765625 0.0078125
0 0.4013671875 0.6279296875 0.009765625 0.005859375
0 0.39892578125 0.56396484375 0.01171875 0.0087890625
0 0.53466796875 0.67333984375 0.0078125 0.0078125
0 0.44384765625 0.64453125 0.013671875 0.005859375
0 0.4443359375 0.63330078125 0.0078125 0.005859375
0 0.43994140625 0.59375 0.0068359375 0.005859375
0 0.44775390625 0.59814453125 0.01171875 0.005859375
0 0.44580078125 0.60400390625 0.0087890625 0.005859375
0 0.45068359375 0.57568359375 0.0087890625 0.0078125
0 0.603515625 0.57275390625 0.009765625 0.0068359375
0 0.64111328125 0.56884765625 0.013671875 0.0078125
0 0.73583984375 0.5751953125 0.009765625 0.0048828125
0 0.693359375 0.537109375 0.0107421875 0.005859375
0 0.67529296875 0.51513671875 0.01171875 0.005859375
0 0.62646484375 0.50244140625 0.021484375 0.015625
0 0.6162109375 0.4755859375 0.015625 0.0107421875
0 0.6640625 0.45751953125 0.0087890625 0.005859375
0 0.669921875 0.4609375 0.0078125 0.0068359375
0 0.59814453125 0.3642578125 0.01171875 0.0078125
0 0.53662109375 0.25146484375 0.0126953125 0.005859375
0 0.53125 0.24609375 0.013671875 0.005859375
0 0.57470703125 0.28369140625 0.0068359375 0.0068359375
0 0.54541015625 0.3046875 0.0068359375 0.0078125
0 0.53564453125 0.30419921875 0.01171875 0.0078125
0 0.4833984375 0.34326171875 0.01171875 0.0078125
0 0.55517578125 0.353515625 0.005859375 0.005859375
0 0.56103515625 0.39501953125 0.009765625 0.0078125
0 0.56494140625 0.412109375 0.009765625 0.0078125
0 0.50244140625 0.34765625 0.009765625 0.009765625
0 0.52734375 0.48046875 0.009765625 0.009765625
0 0.5390625 0.4951171875 0.0078125 0.005859375
0 0.44482421875 0.45068359375 0.0126953125 0.009765625
0 0.41064453125 0.43408203125 0.0087890625 0.0078125
0 0.38427734375 0.46630859375 0.01171875 0.009765625
0 0.29833984375 0.4482421875 0.0107421875 0.009765625
0 0.2958984375 0.41357421875 0.005859375 0.0078125
0 0.30615234375 0.41845703125 0.005859375 0.009765625
0 0.2890625 0.33056640625 0.005859375 0.005859375
0 0.28173828125 0.29833984375 0.0126953125 0.0078125
0 0.32421875 0.302734375 0.0146484375 0.0078125
0 0.3486328125 0.287109375 0.0107421875 0.0068359375
0 0.1416015625 0.48583984375 0.0107421875 0.0087890625
0 0.17529296875 0.43017578125 0.0107421875 0.009765625
0 0.22705078125 0.4404296875 0.01171875 0.0078125
0 0.18994140625 0.392578125 0.013671875 0.0078125
0 0.18896484375 0.38134765625 0.009765625 0.005859375
0 0.21240234375 0.34912109375 0.0126953125 0.0068359375
0 0.18115234375 0.5107421875 0.009765625 0.005859375
0 0.14453125 0.509765625 0.0078125 0.005859375
0 0.1328125 0.50830078125 0.009765625 0.005859375