0 0.35400390625 0.673828125 0.033203125 0.0380859375
0 0.38671875 0.6630859375 0.0302734375 0.0380859375
0 0.36572265625 0.3515625 0.078125 0.0654296875
0 0.7060546875 0.34375 0.0126953125 0.0146484375
0 0.3955078125 0.68359375 0.0126953125 0.0126953125
0 0.8076171875 0.4423828125 0.0185546875 0.0302734375
0 0.5966796875 0.39111328125 0.0244140625 0.0234375
0 0.31005859375 0.59228515625 0.01171875 0.01171875
0 0.4736328125 0.1708984375 0.0126953125 0.0126953125
0 0.41845703125 0.23046875 0.0078125 0.013671875
0 0.3828125 0.1884765625 0.0078125 0.009765625
0 0.37353515625 0.19189453125 0.009765625 0.01171875
0 0.4443359375 0.265625 0.0078125 0.0078125
0 0.435546875 0.29345703125 0.009765625 0.009765625
0 0.4296875 0.30517578125 0.009765625 0.01171875
0 0.52392578125 0.26416015625 0.0234375 0.0146484375
0 0.51708984375 0.201171875 0.0078125 0.0126953125
0 0.5283203125 0.18310546875 0.01171875 0.013671875
0 0.58154296875 0.16748046875 0.0078125 0.015625
0 0.607421875 0.1328125 0.005859375 0.0107421875
0 0.541015625 0.099609375 0.0087890625 0.01171875
0 0.455078125 0.1220703125 0.0078125 0.01171875
0 0.6708984375 0.1240234375 0.0087890625 0.01171875
0 0.59326171875 0.10693359375 0.005859375 0.0078125
0 0.640625 0.18603515625 0.009765625 0.01171875
0 0.6298828125 0.24853515625 0.009765625 0.009765625
0 0.68115234375 0.2041015625 0.005859375 0.009765625
0 0.71435546875 0.1689453125 0.0087890625 0.005859375
0 0.68310546875 0.15869140625 0.005859375 0.0078125
0 0.75048828125 0.21533203125 0.0078125 0.017578125
0 0.728515625 0.263671875 0.009765625 0.0078125
0 0.72998046875 0.28369140625 0.009765625 0.0078125
0 0.77783203125 0.2998046875 0.0078125 0.01171875
0 0.6640625 0.291015625 0.009765625 0.009765625
0 0.6611328125 0.2744140625 0.009765625 0.01171875
0 0.7734375 0.39453125 0.009765625 0.01171875
0 0.79833984375 0.38720703125 0.0087890625 0.0107421875
0 0.8017578125 0.3662109375 0.005859375 0.01171875
0 0.8134765625 0.3447265625 0.009765625 0.0107421875
0 0.84130859375 0.46484375 0.0078125 0.013671875
0 0.82861328125 0.4697265625 0.00390625 0.009765625
0 0.7646484375 0.51123046875 0.0078125 0.0068359375
0 0.70361328125 0.51318359375 0.009765625 0.0107421875
0 0.7001953125 0.48486328125 0.0048828125 0.0078125
0 0.66748046875 0.5107421875 0.0107421875 0.0107421875
0 0.67236328125 0.58642578125 0.005859375 0.013671875
0 0.720703125 0.63232421875 0.015625 0.021484375
0 0.75439453125 0.6220703125 0.0087890625 0.009765625
0 0.76904296875 0.62158203125 0.0068359375 0.009765625
0 0.78955078125 0.64306640625 0.005859375 0.0107421875
0 0.7314453125 0.76611328125 0.013671875 0.01953125
0 0.6865234375 0.78369140625 0.01171875 0.015625
0 0.673828125 0.73779296875 0.005859375 0.0078125
0 0.650390625 0.80224609375 0.0078125 0.009765625
0 0.65087890625 0.82373046875 0.005859375 0.0087890625
0 0.640625 0.84423828125 0.0078125 0.0078125
0 0.69921875 0.77734375 0.009765625 0.009765625
0 0.5869140625 0.86474609375 0.0166015625 0.0185546875
0 0.57421875 0.79833984375 0.009765625 0.01171875
0 0.56494140625 0.7587890625 0.009765625 0.009765625
0 0.583984375 0.69287109375 0.0048828125 0.0087890625
0 0.60009765625 0.70751953125 0.005859375 0.005859375
0 0.5732421875 0.6513671875 0.0087890625 0.009765625
0 0.52490234375 0.66357421875 0.0068359375 0.009765625
0 0.533203125 0.66162109375 0.0078125 0.0107421875
0 0.48291015625 0.7080078125 0.0078125 0.009765625
0 0.6279296875 0.5986328125 0.005859375 0.009765625
0 0.56396484375 0.60107421875 0.0087890625 0.01171875
0 0.67333984375 0.46533203125 0.0078125 0.0078125
0 0.64453125 0.55615234375 0.005859375 0.013671875
0 0.63330078125 0.5556640625 0.005859375 0.0078125
0 0.59375 0.56005859375 0.005859375 0.0068359375
0 0.59814453125 0.55224609375 0.005859375 0.01171875
0 0.60400390625 0.55419921875 0.005859375 0.0087890625
0 0.57568359375 0.54931640625 0.0078125 0.0087890625
0 0.57275390625 0.396484375 0.0068359375 0.009765625
0 0.56884765625 0.35888671875 0.0078125 0.013671875
0 0.5751953125 0.26416015625 0.0048828125 0.009765625
0 0.537109375 0.306640625 0.005859375 0.0107421875
0 0.51513671875 0.32470703125 0.005859375 0.01171875
0 0.50244140625 0.37353515625 0.015625 0.021484375
0 0.4755859375 0.3837890625 0.0107421875 0.015625
0 0.45751953125 0.3359375 0.005859375 0.0087890625
0 0.4609375 0.330078125 0.0068359375 0.0078125
0 0.3642578125 0.40185546875 0.0078125 0.01171875
0 0.25146484375 0.46337890625 0.005859375 0.0126953125
0 0.24609375 0.46875 0.005859375 0.013671875
0 0.28369140625 0.42529296875 0.0068359375 0.0068359375
0 0.3046875 0.45458984375 0.0078125 0.0068359375
0 0.30419921875 0.46435546875 0.0078125 0.01171875
0 0.34326171875 0.5166015625 0.0078125 0.01171875
0 0.353515625 0.44482421875 0.005859375 0.005859375
0 0.39501953125 0.43896484375 0.0078125 0.009765625
0 0.412109375 0.43505859375 0.0078125 0.009765625
0 0.34765625 0.49755859375 0.009765625 0.009765625
0 0.48046875 0.47265625 0.009765625 0.009765625
0 0.4951171875 0.4609375 0.005859375 0.0078125
0 0.45068359375 0.55517578125 0.009765625 0.0126953125
0 0.43408203125 0.58935546875 0.0078125 0.0087890625
0 0.46630859375 0.61572265625 0.009765625 0.01171875
0 0.4482421875 0.70166015625 0.009765625 0.0107421875
0 0.41357421875 0.7041015625 0.0078125 0.005859375
0 0.41845703125 0.69384765625 0.009765625 0.005859375
0 0.33056640625 0.7109375 0.005859375 0.005859375
0 0.29833984375 0.71826171875 0.0078125 0.0126953125
0 0.302734375 0.67578125 0.0078125 0.0146484375
0 0.287109375 0.6513671875 0.0068359375 0.0107421875
0 0.48583984375 0.8583984375 0.0087890625 0.0107421875
0 0.43017578125 0.82470703125 0.009765625 0.0107421875
0 0.4404296875 0.77294921875 0.0078125 0.01171875
0 0.392578125 0.81005859375 0.0078125 0.013671875
0 0.38134765625 0.81103515625 0.005859375 0.009765625
0 0.34912109375 0.78759765625 0.0068359375 0.0126953125
0 0.5107421875 0.81884765625 0.005859375 0.009765625
0 0.509765625 0.85546875 0.005859375 0.0078125
0 0.50830078125 0.8671875 0.005859375 0.009765625