0 0.64599609375 0.326171875 0.033203125 0.0380859375
0 0.61328125 0.3369140625 0.0302734375 0.0380859375
0 0.63427734375 0.6484375 0.078125 0.0654296875
0 0.2939453125 0.65625 0.0126953125 0.0146484375
0 0.6044921875 0.31640625 0.0126953125 0.0126953125
0 0.1923828125 0.5576171875 0.0185546875 0.0302734375
0 0.4033203125 0.60888671875 0.0244140625 0.0234375
0 0.68994140625 0.40771484375 0.01171875 0.01171875
0 0.5263671875 0.8291015625 0.0126953125 0.0126953125
0 0.58154296875 0.76953125 0.0078125 0.013671875
0 0.6171875 0.8115234375 0.0078125 0.009765625
0 0.62646484375 0.80810546875 0.009765625 0.01171875
0 0.5556640625 0.734375 0.0078125 0.0078125
0 0.564453125 0.70654296875 0.009765625 0.009765625
0 0.5703125 0.69482421875 0.009765625 0.01171875
0 0.47607421875 0.73583984375 0.0234375 0.0146484375
0 0.48291015625 0.798828125 0.0078125 0.0126953125
0 0.4716796875 0.81689453125 0.01171875 0.013671875
0 0.41845703125 0.83251953125 0.0078125 0.015625
0 0.392578125 0.8671875 0.005859375 0.0107421875
0 0.458984375 0.900390625 0.0087890625 0.01171875
0 0.544921875 0.8779296875 0.0078125 0.01171875
0 0.3291015625 0.8759765625 0.0087890625 0.01171875
0 0.40673828125 0.89306640625 0.005859375 0.0078125
0 0.359375 0.81396484375 0.009765625 0.01171875
0 0.3701171875 0.75146484375 0.009765625 0.009765625
0 0.31884765625 0.7958984375 0.005859375 0.009765625
0 0.28564453125 0.8310546875 0.0087890625 0.005859375
0 0.31689453125 0.84130859375 0.005859375 0.0078125
0 0.24951171875 0.78466796875 0.0078125 0.017578125
0 0.271484375 0.736328125 0.009765625 0.0078125
0 0.27001953125 0.71630859375 0.009765625 0.0078125
0 0.22216796875 0.7001953125 0.0078125 0.01171875
0 0.3359375 0.708984375 0.009765625 0.009765625
0 0.3388671875 0.7255859375 0.009765625 0.01171875
0 0.2265625 0.60546875 0.009765625 0.01171875
0 0.20166015625 0.61279296875 0.0087890625 0.0107421875
0 0.1982421875 0.6337890625 0.005859375 0.01171875
0 0.1865234375 0.6552734375 0.009765625 0.0107421875
0 0.15869140625 0.53515625 0.0078125 0.013671875
0 0.17138671875 0.5302734375 0.00390625 0.009765625
0 0.2353515625 0.48876953125 0.0078125 0.0068359375
0 0.29638671875 0.48681640625 0.009765625 0.0107421875
0 0.2998046875 0.51513671875 0.0048828125 0.0078125
0 0.33251953125 0.4892578125 0.0107421875 0.0107421875
0 0.32763671875 0.41357421875 0.005859375 0.013671875
0 0.279296875 0.36767578125 0.015625 0.021484375
0 0.24560546875 0.3779296875 0.0087890625 0.009765625
0 0.23095703125 0.37841796875 0.0068359375 0.009765625
0 0.21044921875 0.35693359375 0.005859375 0.0107421875
0 0.2685546875 0.23388671875 0.013671875 0.01953125
0 0.3134765625 0.21630859375 0.01171875 0.015625
0 0.326171875 0.26220703125 0.005859375 0.0078125
0 0.349609375 0.19775390625 0.0078125 0.009765625
0 0.34912109375 0.17626953125 0.005859375 0.0087890625
0 0.359375 0.15576171875 0.0078125 0.0078125
0 0.30078125 0.22265625 0.009765625 0.009765625
0 0.4130859375 0.13525390625 0.0166015625 0.0185546875
0 0.42578125 0.20166015625 0.009765625 0.01171875
0 0.43505859375 0.2412109375 0.009765625 0.009765625
0 0.416015625 0.30712890625 0.0048828125 0.0087890625
0 0.39990234375 0.29248046875 0.005859375 0.005859375
0 0.4267578125 0.3486328125 0.0087890625 0.009765625
0 0.47509765625 0.33642578125 0.0068359375 0.009765625
0 0.466796875 0.33837890625 0.0078125 0.0107421875
0 0.51708984375 0.2919921875 0.0078125 0.009765625
0 0.3720703125 0.4013671875 0.005859375 0.009765625
0 0.43603515625 0.39892578125 0.0087890625 0.01171875
0 0.32666015625 0.53466796875 0.0078125 0.0078125
0 0.35546875 0.44384765625 0.005859375 0.013671875
0 0.36669921875 0.4443359375 0.005859375 0.0078125
0 0.40625 0.43994140625 0.005859375 0.0068359375
0 0.40185546875 0.44775390625 0.005859375 0.01171875
0 0.39599609375 0.44580078125 0.005859375 0.0087890625
0 0.42431640625 0.45068359375 0.0078125 0.0087890625
0 0.42724609375 0.603515625 0.0068359375 0.009765625
0 0.43115234375 0.64111328125 0.0078125 0.013671875
0 0.4248046875 0.73583984375 0.0048828125 0.009765625
0 0.462890625 0.693359375 0.005859375 0.0107421875
0 0.48486328125 0.67529296875 0.005859375 0.01171875
0 0.49755859375 0.62646484375 0.015625 0.021484375
0 0.5244140625 0.6162109375 0.0107421875 0.015625
0 0.54248046875 0.6640625 0.005859375 0.0087890625
0 0.5390625 0.669921875 0.0068359375 0.0078125
0 0.6357421875 0.59814453125 0.0078125 0.01171875
0 0.74853515625 0.53662109375 0.005859375 0.0126953125
0 0.75390625 0.53125 0.005859375 0.013671875
0 0.71630859375 0.57470703125 0.0068359375 0.0068359375
0 0.6953125 0.54541015625 0.0078125 0.0068359375
0 0.69580078125 0.53564453125 0.0078125 0.01171875
0 0.65673828125 0.4833984375 0.0078125 0.01171875
0 0.646484375 0.55517578125 0.005859375 0.005859375
0 0.60498046875 0.56103515625 0.0078125 0.009765625
0 0.587890625 0.56494140625 0.0078125 0.009765625
0 0.65234375 0.50244140625 0.009765625 0.009765625
0 0.51953125 0.52734375 0.009765625 0.009765625
0 0.5048828125 0.5390625 0.005859375 0.0078125
0 0.54931640625 0.44482421875 0.009765625 0.0126953125
0 0.56591796875 0.41064453125 0.0078125 0.0087890625
0 0.53369140625 0.38427734375 0.009765625 0.01171875
0 0.5517578125 0.29833984375 0.009765625 0.0107421875
0 0.58642578125 0.2958984375 0.0078125 0.005859375
0 0.58154296875 0.30615234375 0.009765625 0.005859375
0 0.66943359375 0.2890625 0.005859375 0.005859375
0 0.70166015625 0.28173828125 0.0078125 0.0126953125
0 0.697265625 0.32421875 0.0078125 0.0146484375
0 0.712890625 0.3486328125 0.0068359375 0.0107421875
0 0.51416015625 0.1416015625 0.0087890625 0.0107421875
0 0.56982421875 0.17529296875 0.009765625 0.0107421875
0 0.5595703125 0.22705078125 0.0078125 0.01171875
0 0.607421875 0.18994140625 0.0078125 0.013671875
0 0.61865234375 0.18896484375 0.005859375 0.009765625
0 0.65087890625 0.21240234375 0.0068359375 0.0126953125
0 0.4892578125 0.18115234375 0.005859375 0.009765625
0 0.490234375 0.14453125 0.005859375 0.0078125
0 0.49169921875 0.1328125 0.005859375 0.009765625