0 0.5546875 0.7138671875 0.0517578125 0.0732421875
0 0.62841796875 0.1875 0.01171875 0.0146484375
0 0.330078125 0.2919921875 0.0205078125 0.0263671875
0 0.40771484375 0.0771484375 0.005859375 0.0078125
0 0.46923828125 0.083984375 0.005859375 0.009765625
0 0.5107421875 0.13671875 0.0078125 0.009765625
0 0.447265625 0.216796875 0.005859375 0.0078125
0 0.4189453125 0.23828125 0.005859375 0.0078125
0 0.4462890625 0.23486328125 0.017578125 0.015625
0 0.4501953125 0.26220703125 0.009765625 0.0126953125
0 0.544921875 0.19091796875 0.0048828125 0.0078125
0 0.65234375 0.14111328125 0.005859375 0.0087890625
0 0.6142578125 0.23095703125 0.017578125 0.025390625
0 0.6630859375 0.2177734375 0.00390625 0.005859375
0 0.66943359375 0.21875 0.00390625 0.0078125
0 0.716796875 0.2294921875 0.009765625 0.013671875
0 0.41015625 0.15087890625 0.00390625 0.005859375
0 0.4501953125 0.3505859375 0.005859375 0.009765625
0 0.494140625 0.29638671875 0.0078125 0.0068359375
0 0.49267578125 0.2841796875 0.00390625 0.005859375
0 0.49658203125 0.2275390625 0.005859375 0.005859375
0 0.53173828125 0.2587890625 0.0068359375 0.009765625
0 0.509765625 0.18212890625 0.0078125 0.0078125
0 0.525390625 0.31201171875 0.009765625 0.01171875
0 0.49951171875 0.33544921875 0.005859375 0.01171875
0 0.548828125 0.32275390625 0.005859375 0.0078125
0 0.52001953125 0.3544921875 0.005859375 0.0078125
0 0.53564453125 0.35009765625 0.005859375 0.009765625
0 0.55322265625 0.357421875 0.0078125 0.0087890625
0 0.7421875 0.22802734375 0.0048828125 0.0078125
0 0.6806640625 0.2998046875 0.0048828125 0.0087890625
0 0.64111328125 0.3427734375 0.0078125 0.0126953125
0 0.68798828125 0.3515625 0.0078125 0.009765625
0 0.658203125 0.330078125 0.0107421875 0.021484375
0 0.69921875 0.32861328125 0.0234375 0.03125
0 0.79541015625 0.419921875 0.021484375 0.0419921875
0 0.7177734375 0.41162109375 0.005859375 0.0107421875
0 0.673828125 0.39599609375 0.0078125 0.009765625
0 0.59765625 0.39453125 0.005859375 0.009765625
0 0.6162109375 0.39111328125 0.0068359375 0.0078125
0 0.591796875 0.41943359375 0.005859375 0.009765625
0 0.5888671875 0.40380859375 0.0078125 0.009765625
0 0.6015625 0.4462890625 0.033203125 0.044921875
0 0.57080078125 0.474609375 0.0048828125 0.0087890625
0 0.658203125 0.466796875 0.0068359375 0.0078125
0 0.6796875 0.4619140625 0.01171875 0.013671875
0 0.68505859375 0.44775390625 0.0078125 0.0087890625
0 0.68896484375 0.43505859375 0.0078125 0.01171875
0 0.69921875 0.4560546875 0.005859375 0.0078125
0 0.701171875 0.47119140625 0.0068359375 0.0107421875
0 0.6923828125 0.529296875 0.0078125 0.009765625
0 0.7587890625 0.517578125 0.015625 0.021484375
0 0.76806640625 0.494140625 0.0078125 0.01171875
0 0.61083984375 0.59130859375 0.0078125 0.009765625
0 0.7958984375 0.52294921875 0.0078125 0.015625
0 0.77587890625 0.60498046875 0.013671875 0.0166015625
0 0.73583984375 0.64013671875 0.01171875 0.015625
0 0.7109375 0.6513671875 0.0078125 0.0078125
0 0.6552734375 0.65234375 0.0107421875 0.01171875
0 0.6640625 0.60400390625 0.005859375 0.005859375
0 0.6064453125 0.5771484375 0.005859375 0.005859375
0 0.62060546875 0.568359375 0.009765625 0.009765625
0 0.62744140625 0.55810546875 0.005859375 0.0078125
0 0.56591796875 0.6005859375 0.0078125 0.013671875
0 0.640625 0.58203125 0.0126953125 0.021484375
0 0.65673828125 0.58349609375 0.005859375 0.0078125
0 0.7255859375 0.5498046875 0.005859375 0.0078125
0 0.734375 0.57470703125 0.005859375 0.0068359375
0 0.73828125 0.58349609375 0.005859375 0.0078125
0 0.6796875 0.58935546875 0.013671875 0.013671875
0 0.763671875 0.560546875 0.0078125 0.013671875
0 0.7216796875 0.6953125 0.0078125 0.0078125
0 0.7197265625 0.71337890625 0.005859375 0.0078125
0 0.6767578125 0.7548828125 0.005859375 0.0078125
0 0.65673828125 0.72607421875 0.0078125 0.0078125
0 0.66455078125 0.70703125 0.00390625 0.0078125
0 0.65234375 0.6953125 0.0068359375 0.0107421875
0 0.6328125 0.71240234375 0.0068359375 0.0068359375
0 0.58984375 0.689453125 0.0078125 0.009765625
0 0.697265625 0.64892578125 0.0078125 0.0126953125
0 0.68505859375 0.6376953125 0.005859375 0.0078125
0 0.591796875 0.77099609375 0.005859375 0.0068359375
0 0.64306640625 0.7763671875 0.005859375 0.0078125
0 0.5693359375 0.818359375 0.119140625 0.052734375
0 0.5263671875 0.7724609375 0.013671875 0.01953125
0 0.544921875 0.77001953125 0.0068359375 0.009765625
0 0.61669921875 0.77001953125 0.0078125 0.009765625
0 0.58935546875 0.7646484375 0.033203125 0.05859375
0 0.68310546875 0.65234375 0.00390625 0.005859375
0 0.30322265625 0.20068359375 0.0068359375 0.0087890625
0 0.28271484375 0.17138671875 0.009765625 0.0146484375
0 0.2470703125 0.21923828125 0.005859375 0.0078125
0 0.23681640625 0.24267578125 0.0078125 0.005859375
0 0.27197265625 0.24365234375 0.0078125 0.009765625
0 0.31591796875 0.23974609375 0.0068359375 0.0087890625
0 0.27587890625 0.2646484375 0.0048828125 0.0078125
0 0.2841796875 0.30126953125 0.0068359375 0.0087890625
0 0.287109375 0.33056640625 0.005859375 0.009765625
0 0.3193359375 0.3564453125 0.0078125 0.0126953125
0 0.34814453125 0.36572265625 0.005859375 0.0126953125
0 0.37841796875 0.31396484375 0.0078125 0.0107421875
0 0.39892578125 0.298828125 0.0078125 0.0126953125
0 0.3876953125 0.31884765625 0.0078125 0.0107421875
0 0.22265625 0.37939453125 0.0068359375 0.0078125
0 0.22900390625 0.4140625 0.0068359375 0.01171875
0 0.2587890625 0.44677734375 0.005859375 0.0126953125
0 0.51025390625 0.38330078125 0.0087890625 0.015625
0 0.43408203125 0.416015625 0.005859375 0.0078125
0 0.36474609375 0.42138671875 0.0068359375 0.009765625
0 0.44775390625 0.4638671875 0.015625 0.013671875
0 0.45166015625 0.4873046875 0.0087890625 0.0107421875
0 0.41455078125 0.48095703125 0.0048828125 0.0068359375
0 0.40380859375 0.46923828125 0.005859375 0.005859375
0 0.4326171875 0.44580078125 0.00390625 0.005859375
0 0.42724609375 0.49755859375 0.00390625 0.005859375
0 0.39111328125 0.48779296875 0.0078125 0.0087890625
0 0.20556640625 0.39794921875 0.0068359375 0.0078125
0 0.203125 0.46826171875 0.005859375 0.005859375
0 0.2021484375 0.50439453125 0.013671875 0.0078125
0 0.23828125 0.48388671875 0.0068359375 0.009765625
0 0.2509765625 0.51220703125 0.017578125 0.021484375
0 0.26513671875 0.49755859375 0.01171875 0.017578125
0 0.22119140625 0.52490234375 0.005859375 0.0078125
0 0.23974609375 0.56005859375 0.005859375 0.0078125
0 0.26220703125 0.55029296875 0.005859375 0.0068359375
0 0.26318359375 0.5634765625 0.0087890625 0.009765625
0 0.2978515625 0.51025390625 0.005859375 0.0078125
0 0.32861328125 0.50830078125 0.0048828125 0.0078125
0 0.38232421875 0.4970703125 0.005859375 0.0126953125
0 0.373046875 0.525390625 0.00390625 0.0068359375
0 0.41748046875 0.5185546875 0.005859375 0.0068359375
0 0.3291015625 0.5458984375 0.009765625 0.013671875
0 0.3173828125 0.58056640625 0.005859375 0.01171875
0 0.35107421875 0.60546875 0.0078125 0.009765625
0 0.31689453125 0.63671875 0.005859375 0.0078125
0 0.28173828125 0.689453125 0.013671875 0.013671875
0 0.30126953125 0.7470703125 0.01171875 0.015625
0 0.359375 0.71923828125 0.005859375 0.009765625
0 0.39501953125 0.63623046875 0.0087890625 0.0078125
0 0.39892578125 0.56787109375 0.0087890625 0.009765625
0 0.4384765625 0.56298828125 0.005859375 0.0078125
0 0.435546875 0.5810546875 0.0048828125 0.0078125
0 0.490234375 0.6015625 0.0078125 0.01171875
0 0.509765625 0.62158203125 0.0078125 0.01171875
0 0.4697265625 0.69677734375 0.017578125 0.0205078125
0 0.48193359375 0.68310546875 0.0078125 0.01171875
0 0.4365234375 0.6962890625 0.0068359375 0.0107421875
0 0.443359375 0.72216796875 0.0068359375 0.01171875
0 0.43603515625 0.75048828125 0.0078125 0.01171875
0 0.40234375 0.701171875 0.009765625 0.0146484375
0 0.39013671875 0.6787109375 0.005859375 0.005859375
0 0.345703125 0.6396484375 0.005859375 0.0068359375
0 0.36572265625 0.73876953125 0.0087890625 0.009765625
0 0.40966796875 0.80126953125 0.0087890625 0.0107421875
0 0.40234375 0.8232421875 0.005859375 0.0087890625
0 0.4619140625 0.833984375 0.009765625 0.013671875
0 0.4111328125 0.8232421875 0.005859375 0.0087890625
0 0.4931640625 0.8125 0.009765625 0.0107421875
0 0.4755859375 0.7685546875 0.0078125 0.01171875
0 0.46337890625 0.7705078125 0.0048828125 0.005859375
0 0.4580078125 0.76318359375 0.0078125 0.0078125