0 0.5322265625 0.2578125 0.0439453125 0.0556640625
0 0.478515625 0.3779296875 0.0380859375 0.0380859375
0 0.30615234375 0.5595703125 0.017578125 0.0166015625
0 0.34130859375 0.3193359375 0.009765625 0.0126953125
0 0.31787109375 0.57763671875 0.009765625 0.01171875
0 0.49658203125 0.2216796875 0.0078125 0.01171875
0 0.47900390625 0.29052734375 0.015625 0.017578125
0 0.4775390625 0.3916015625 0.0068359375 0.009765625
0 0.3857421875 0.2958984375 0.0078125 0.015625
0 0.33056640625 0.37939453125 0.009765625 0.01171875
0 0.58837890625 0.2265625 0.0703125 0.0859375
0 0.53759765625 0.44775390625 0.0107421875 0.0146484375
0 0.7060546875 0.275390625 0.009765625 0.01171875
0 0.71044921875 0.58203125 0.275390625 0.55859375
0 0.42138671875 0.6220703125 0.103515625 0.1484375
0 0.46533203125 0.67333984375 0.009765625 0.0205078125
0 0.28076171875 0.5830078125 0.009765625 0.009765625
0 0.30517578125 0.5859375 0.0126953125 0.0087890625
0 0.33740234375 0.546875 0.197265625 0.19921875
0 0.42041015625 0.74951171875 0.3388671875 0.42578125
0 0.45458984375 0.703125 0.015625 0.01953125