0 0.7421875 0.4677734375 0.0556640625 0.0439453125
0 0.6220703125 0.521484375 0.0380859375 0.0380859375
0 0.4404296875 0.69384765625 0.0166015625 0.017578125
0 0.6806640625 0.65869140625 0.0126953125 0.009765625
0 0.42236328125 0.68212890625 0.01171875 0.009765625
0 0.7783203125 0.50341796875 0.01171875 0.0078125
0 0.70947265625 0.52099609375 0.017578125 0.015625
0 0.6083984375 0.5224609375 0.009765625 0.0068359375
0 0.7041015625 0.6142578125 0.015625 0.0078125
0 0.62060546875 0.66943359375 0.01171875 0.009765625
0 0.7734375 0.41162109375 0.0859375 0.0703125
0 0.55224609375 0.46240234375 0.0146484375 0.0107421875
0 0.724609375 0.2939453125 0.01171875 0.009765625
0 0.41796875 0.28955078125 0.55859375 0.275390625
0 0.3779296875 0.57861328125 0.1484375 0.103515625
0 0.32666015625 0.53466796875 0.0205078125 0.009765625
0 0.4169921875 0.71923828125 0.009765625 0.009765625
0 0.4140625 0.69482421875 0.0087890625 0.0126953125
0 0.453125 0.66259765625 0.19921875 0.197265625
0 0.25048828125 0.57958984375 0.42578125 0.3388671875
0 0.296875 0.54541015625 0.01953125 0.015625