0 0.69482421875 0.26025390625 0.046875 0.060546875
0 0.74951171875 0.2451171875 0.056640625 0.0673828125
0 0.6806640625 0.736328125 0.0126953125 0.0126953125
0 0.62646484375 0.25048828125 0.013671875 0.013671875
0 0.71435546875 0.43212890625 0.03515625 0.03515625
0 0.546875 0.66552734375 0.0419921875 0.05078125
0 0.44091796875 0.59130859375 0.041015625 0.0546875
0 0.48193359375 0.52001953125 0.0625 0.078125
0 0.34912109375 0.6005859375 0.02734375 0.0322265625
0 0.32568359375 0.55908203125 0.05859375 0.0859375
0 0.62841796875 0.1416015625 0.1875 0.20703125
0 0.4384765625 0.06494140625 0.015625 0.0126953125
0 0.46826171875 0.05517578125 0.0146484375 0.015625
0 0.52490234375 0.27587890625 0.009765625 0.013671875
0 0.6455078125 0.2177734375 0.005859375 0.009765625
0 0.54443359375 0.2666015625 0.0078125 0.013671875
0 0.57666015625 0.29931640625 0.0400390625 0.0576171875
0 0.49169921875 0.41259765625 0.005859375 0.0078125
0 0.35546875 0.388671875 0.005859375 0.005859375
0 0.5537109375 0.41748046875 0.0087890625 0.009765625
0 0.474609375 0.35693359375 0.189453125 0.2470703125
0 0.61279296875 0.435546875 0.01953125 0.0224609375
0 0.62451171875 0.49755859375 0.01171875 0.009765625
0 0.783203125 0.33837890625 0.01171875 0.01171875
0 0.74267578125 0.4677734375 0.0087890625 0.0166015625
0 0.76220703125 0.5947265625 0.009765625 0.01171875
0 0.56640625 0.55615234375 0.009765625 0.01171875
0 0.28857421875 0.6298828125 0.0078125 0.015625
0 0.4541015625 0.7099609375 0.015625 0.017578125