0 0.73974609375 0.30517578125 0.060546875 0.046875
0 0.7548828125 0.25048828125 0.0673828125 0.056640625
0 0.263671875 0.3193359375 0.0126953125 0.0126953125
0 0.74951171875 0.37353515625 0.013671875 0.013671875
0 0.56787109375 0.28564453125 0.03515625 0.03515625
0 0.33447265625 0.453125 0.05078125 0.0419921875
0 0.40869140625 0.55908203125 0.0546875 0.041015625
0 0.47998046875 0.51806640625 0.078125 0.0625
0 0.3994140625 0.65087890625 0.0322265625 0.02734375
0 0.44091796875 0.67431640625 0.0859375 0.05859375
0 0.8583984375 0.37158203125 0.20703125 0.1875
0 0.93505859375 0.5615234375 0.0126953125 0.015625
0 0.94482421875 0.53173828125 0.015625 0.0146484375
0 0.72412109375 0.47509765625 0.013671875 0.009765625
0 0.7822265625 0.3544921875 0.009765625 0.005859375
0 0.7333984375 0.45556640625 0.013671875 0.0078125
0 0.70068359375 0.42333984375 0.0576171875 0.0400390625
0 0.58740234375 0.50830078125 0.0078125 0.005859375
0 0.611328125 0.64453125 0.005859375 0.005859375
0 0.58251953125 0.4462890625 0.009765625 0.0087890625
0 0.64306640625 0.525390625 0.2470703125 0.189453125
0 0.564453125 0.38720703125 0.0224609375 0.01953125
0 0.50244140625 0.37548828125 0.009765625 0.01171875
0 0.66162109375 0.216796875 0.01171875 0.01171875
0 0.5322265625 0.25732421875 0.0166015625 0.0087890625
0 0.4052734375 0.23779296875 0.01171875 0.009765625
0 0.44384765625 0.43359375 0.01171875 0.009765625
0 0.3701171875 0.71142578125 0.015625 0.0078125
0 0.2900390625 0.5458984375 0.017578125 0.015625