0 0.30517578125 0.26025390625 0.046875 0.060546875
0 0.25048828125 0.2451171875 0.056640625 0.0673828125
0 0.3193359375 0.736328125 0.0126953125 0.0126953125
0 0.37353515625 0.25048828125 0.013671875 0.013671875
0 0.28564453125 0.43212890625 0.03515625 0.03515625
0 0.453125 0.66552734375 0.0419921875 0.05078125
0 0.55908203125 0.59130859375 0.041015625 0.0546875
0 0.51806640625 0.52001953125 0.0625 0.078125
0 0.65087890625 0.6005859375 0.02734375 0.0322265625
0 0.67431640625 0.55908203125 0.05859375 0.0859375
0 0.37158203125 0.1416015625 0.1875 0.20703125
0 0.5615234375 0.06494140625 0.015625 0.0126953125
0 0.53173828125 0.05517578125 0.0146484375 0.015625
0 0.47509765625 0.27587890625 0.0107421875 0.013671875
0 0.3544921875 0.2177734375 0.005859375 0.009765625
0 0.45556640625 0.2666015625 0.0078125 0.013671875
0 0.42333984375 0.29931640625 0.0400390625 0.0576171875
0 0.50830078125 0.41259765625 0.005859375 0.0078125
0 0.64453125 0.388671875 0.005859375 0.005859375
0 0.4462890625 0.41748046875 0.0087890625 0.009765625
0 0.525390625 0.35693359375 0.189453125 0.2470703125
0 0.38720703125 0.435546875 0.01953125 0.0224609375
0 0.37548828125 0.49755859375 0.01171875 0.009765625
0 0.216796875 0.33837890625 0.01171875 0.01171875
0 0.25732421875 0.4677734375 0.0087890625 0.0166015625
0 0.23779296875 0.5947265625 0.009765625 0.01171875
0 0.43359375 0.55615234375 0.009765625 0.01171875
0 0.71142578125 0.6298828125 0.0078125 0.015625
0 0.5458984375 0.7099609375 0.015625 0.017578125