0 0.52783203125 0.3662109375 0.046875 0.0439453125
0 0.2470703125 0.42626953125 0.0576171875 0.046875
0 0.2158203125 0.6611328125 0.0244140625 0.0185546875
0 0.66064453125 0.59326171875 0.123046875 0.095703125
0 0.34814453125 0.57275390625 0.060546875 0.06640625
0 0.2861328125 0.74462890625 0.0615234375 0.046875
0 0.20654296875 0.43505859375 0.03125 0.025390625
0 0.07958984375 0.38720703125 0.02734375 0.01953125
0 0.603515625 0.76416015625 0.0400390625 0.03125
0 0.474609375 0.26220703125 0.0302734375 0.021484375
0 0.4638671875 0.36328125 0.0263671875 0.0185546875
0 0.41064453125 0.8046875 0.017578125 0.0166015625
0 0.724609375 0.42822265625 0.04296875 0.03515625
0 0.5751953125 0.58837890625 0.046875 0.033203125
0 0.6494140625 0.7099609375 0.0224609375 0.02734375
0 0.4970703125 0.6513671875 0.033203125 0.017578125
0 0.78759765625 0.537109375 0.01953125 0.0146484375
0 0.64453125 0.40771484375 0.021484375 0.017578125
0 0.728515625 0.36376953125 0.0439453125 0.044921875
0 0.625 0.33544921875 0.060546875 0.0478515625
0 0.56640625 0.44677734375 0.013671875 0.01171875
0 0.4580078125 0.484375 0.046875 0.037109375
0 0.419921875 0.48291015625 0.0166015625 0.01171875
0 0.46923828125 0.23876953125 0.076171875 0.04296875
0 0.37939453125 0.310546875 0.103515625 0.076171875
0 0.23876953125 0.37939453125 0.0390625 0.029296875
0 0.1181640625 0.47509765625 0.044921875 0.03515625
0 0.14111328125 0.54736328125 0.029296875 0.0234375
0 0.21142578125 0.67626953125 0.109375 0.083984375