0 0.3662109375 0.47216796875 0.0439453125 0.046875
0 0.42626953125 0.7529296875 0.046875 0.0576171875
0 0.6611328125 0.7841796875 0.0185546875 0.0244140625
0 0.59326171875 0.33935546875 0.095703125 0.123046875
0 0.57275390625 0.65185546875 0.06640625 0.060546875
0 0.74462890625 0.7138671875 0.046875 0.0615234375
0 0.43505859375 0.79345703125 0.025390625 0.03125
0 0.38720703125 0.92041015625 0.01953125 0.02734375
0 0.76416015625 0.396484375 0.03125 0.0400390625
0 0.26220703125 0.525390625 0.021484375 0.0302734375
0 0.36328125 0.5361328125 0.0185546875 0.0263671875
0 0.8046875 0.58935546875 0.0166015625 0.017578125
0 0.42822265625 0.275390625 0.03515625 0.04296875
0 0.58837890625 0.4248046875 0.033203125 0.046875
0 0.7099609375 0.3505859375 0.02734375 0.0224609375
0 0.6513671875 0.5029296875 0.017578125 0.033203125
0 0.537109375 0.21240234375 0.0146484375 0.01953125
0 0.40771484375 0.35546875 0.017578125 0.021484375
0 0.36376953125 0.271484375 0.0458984375 0.0439453125
0 0.33544921875 0.375 0.0478515625 0.060546875
0 0.44677734375 0.43359375 0.01171875 0.013671875
0 0.484375 0.5419921875 0.037109375 0.046875
0 0.48291015625 0.580078125 0.01171875 0.0166015625
0 0.23876953125 0.53076171875 0.04296875 0.076171875
0 0.310546875 0.62060546875 0.076171875 0.103515625
0 0.37939453125 0.76123046875 0.029296875 0.0390625
0 0.47509765625 0.8818359375 0.03515625 0.044921875
0 0.54736328125 0.85888671875 0.0234375 0.029296875
0 0.67626953125 0.78857421875 0.083984375 0.109375