0 0.47119140625 0.34814453125 0.01953125 0.021484375
0 0.44775390625 0.54296875 0.013671875 0.0185546875
0 0.44384765625 0.56884765625 0.01171875 0.01171875
0 0.37451171875 0.607421875 0.013671875 0.0146484375
0 0.48095703125 0.4521484375 0.01171875 0.0126953125
0 0.333984375 0.458984375 0.0146484375 0.0205078125
0 0.44970703125 0.27294921875 0.025390625 0.02734375
0 0.31494140625 0.46240234375 0.015625 0.017578125
0 0.41796875 0.365234375 0.0126953125 0.0126953125
0 0.4287109375 0.37890625 0.0166015625 0.0185546875
0 0.46826171875 0.44384765625 0.01171875 0.013671875
0 0.408203125 0.41796875 0.0107421875 0.0146484375
0 0.361328125 0.2734375 0.02734375 0.0341796875
0 0.32958984375 0.5146484375 0.025390625 0.05078125
0 0.35595703125 0.482421875 0.029296875 0.04296875
0 0.3701171875 0.392578125 0.03515625 0.048828125
0 0.37109375 0.35302734375 0.01953125 0.02734375
0 0.42626953125 0.44677734375 0.0234375 0.033203125
0 0.416015625 0.48681640625 0.0390625 0.052734375
0 0.51220703125 0.42822265625 0.029296875 0.033203125
0 0.49169921875 0.568359375 0.033203125 0.037109375