0 0.52880859375 0.34814453125 0.01953125 0.021484375
0 0.55224609375 0.54296875 0.013671875 0.0185546875
0 0.55615234375 0.56884765625 0.01171875 0.01171875
0 0.62548828125 0.607421875 0.013671875 0.0146484375
0 0.51904296875 0.4521484375 0.01171875 0.0126953125
0 0.666015625 0.458984375 0.0146484375 0.0205078125
0 0.55029296875 0.27294921875 0.025390625 0.02734375
0 0.68505859375 0.46240234375 0.015625 0.017578125
0 0.58203125 0.365234375 0.0126953125 0.0126953125
0 0.5712890625 0.37890625 0.0166015625 0.0185546875
0 0.53173828125 0.44384765625 0.01171875 0.013671875
0 0.591796875 0.41796875 0.0107421875 0.0146484375
0 0.638671875 0.2734375 0.02734375 0.0341796875
0 0.67041015625 0.5146484375 0.025390625 0.05078125
0 0.64404296875 0.482421875 0.029296875 0.04296875
0 0.6298828125 0.392578125 0.03515625 0.048828125
0 0.62890625 0.35302734375 0.01953125 0.02734375
0 0.57373046875 0.44677734375 0.0234375 0.033203125
0 0.583984375 0.48681640625 0.0390625 0.052734375
0 0.48779296875 0.42822265625 0.029296875 0.033203125
0 0.50830078125 0.568359375 0.033203125 0.037109375