0 0.33544921875 0.43798828125 0.03125 0.029296875
0 0.60302734375 0.55126953125 0.0078125 0.0078125
0 0.45703125 0.3505859375 0.0263671875 0.0263671875
0 0.63232421875 0.42578125 0.044921875 0.025390625
0 0.50537109375 0.34814453125 0.0341796875 0.0234375
0 0.4296875 0.4765625 0.0244140625 0.017578125
0 0.39306640625 0.46826171875 0.025390625 0.01953125
0 0.3603515625 0.48193359375 0.03515625 0.021484375
0 0.36083984375 0.5654296875 0.0341796875 0.0224609375
0 0.466796875 0.4912109375 0.03515625 0.03125
0 0.4794921875 0.33056640625 0.02734375 0.021484375