0 0.66455078125 0.43798828125 0.03125 0.029296875
0 0.39697265625 0.55126953125 0.0078125 0.0078125
0 0.54296875 0.3505859375 0.0263671875 0.0263671875
0 0.36767578125 0.42578125 0.044921875 0.025390625
0 0.49462890625 0.34814453125 0.0341796875 0.0234375
0 0.5703125 0.4765625 0.0244140625 0.017578125
0 0.60693359375 0.46826171875 0.025390625 0.01953125
0 0.6396484375 0.48193359375 0.03515625 0.021484375
0 0.63916015625 0.5654296875 0.0341796875 0.0224609375
0 0.533203125 0.4912109375 0.03515625 0.03125
0 0.5205078125 0.33056640625 0.02734375 0.021484375