0 0.23388671875 0.28564453125 0.03125 0.021484375
0 0.611328125 0.3125 0.0615234375 0.0498046875
0 0.77294921875 0.5439453125 0.03125 0.0224609375
0 0.35205078125 0.1845703125 0.021484375 0.0146484375
0 0.57568359375 0.20947265625 0.01953125 0.015625
0 0.7001953125 0.6171875 0.017578125 0.013671875
0 0.32275390625 0.23681640625 0.01171875 0.01171875
0 0.61181640625 0.63623046875 0.060546875 0.056640625
0 0.828125 0.4853515625 0.0185546875 0.0146484375
0 0.78515625 0.46435546875 0.0126953125 0.009765625
0 0.79833984375 0.416015625 0.013671875 0.009765625
0 0.76416015625 0.3671875 0.0126953125 0.0068359375
0 0.73388671875 0.3583984375 0.01171875 0.0078125
0 0.74658203125 0.322265625 0.0107421875 0.0078125
0 0.755859375 0.3125 0.009765625 0.0107421875
0 0.71044921875 0.50927734375 0.0078125 0.009765625
0 0.63916015625 0.50927734375 0.01171875 0.005859375
0 0.62939453125 0.56396484375 0.0126953125 0.009765625
0 0.58203125 0.4423828125 0.0107421875 0.0078125
0 0.62646484375 0.39697265625 0.013671875 0.009765625
0 0.62255859375 0.37646484375 0.009765625 0.0078125
0 0.5439453125 0.474609375 0.0126953125 0.0068359375
0 0.51806640625 0.48974609375 0.009765625 0.009765625
0 0.52490234375 0.529296875 0.017578125 0.01171875
0 0.4501953125 0.5771484375 0.0146484375 0.009765625
0 0.41357421875 0.54443359375 0.01171875 0.0107421875
0 0.43408203125 0.7109375 0.0146484375 0.0107421875
0 0.5595703125 0.26904296875 0.015625 0.0126953125
0 0.5693359375 0.15869140625 0.01171875 0.01171875
0 0.5087890625 0.16845703125 0.0126953125 0.0068359375
0 0.47509765625 0.251953125 0.01171875 0.0087890625
0 0.49072265625 0.28271484375 0.009765625 0.0078125
0 0.2353515625 0.27392578125 0.009765625 0.0078125
0 0.15283203125 0.27197265625 0.01171875 0.0068359375
0 0.18212890625 0.2421875 0.0234375 0.02734375
0 0.2861328125 0.1875 0.115234375 0.056640625
0 0.38134765625 0.22021484375 0.0087890625 0.0087890625
0 0.37060546875 0.20849609375 0.0107421875 0.0078125
0 0.42578125 0.259765625 0.0107421875 0.009765625
0 0.37841796875 0.4365234375 0.0146484375 0.013671875
0 0.11572265625 0.5048828125 0.0146484375 0.01171875
0 0.11865234375 0.5380859375 0.017578125 0.0107421875
0 0.1357421875 0.5625 0.0126953125 0.0078125
0 0.162109375 0.59521484375 0.0126953125 0.009765625
0 0.17724609375 0.6103515625 0.0126953125 0.01171875
0 0.22509765625 0.49853515625 0.0078125 0.0146484375
0 0.2490234375 0.49365234375 0.0146484375 0.005859375
0 0.30224609375 0.54052734375 0.0107421875 0.009765625