0 0.71435546875 0.76611328125 0.021484375 0.03125
0 0.6875 0.388671875 0.0498046875 0.0615234375
0 0.4560546875 0.22705078125 0.0224609375 0.03125
0 0.8154296875 0.64794921875 0.0146484375 0.021484375
0 0.79052734375 0.42431640625 0.015625 0.01953125
0 0.3828125 0.2998046875 0.013671875 0.017578125
0 0.76318359375 0.67724609375 0.01171875 0.01171875
0 0.36376953125 0.38818359375 0.056640625 0.060546875
0 0.5146484375 0.171875 0.0146484375 0.0185546875
0 0.53564453125 0.21484375 0.009765625 0.0126953125
0 0.583984375 0.20166015625 0.009765625 0.013671875
0 0.6328125 0.23583984375 0.0068359375 0.0126953125
0 0.6416015625 0.26611328125 0.0078125 0.01171875
0 0.677734375 0.25341796875 0.0078125 0.0107421875
0 0.6875 0.244140625 0.0107421875 0.009765625
0 0.49072265625 0.28955078125 0.009765625 0.0078125
0 0.49072265625 0.36083984375 0.005859375 0.01171875
0 0.43603515625 0.37060546875 0.009765625 0.0126953125
0 0.5576171875 0.41796875 0.0078125 0.0107421875
0 0.60302734375 0.37353515625 0.009765625 0.013671875
0 0.62353515625 0.37744140625 0.0078125 0.009765625
0 0.525390625 0.4560546875 0.0068359375 0.0126953125
0 0.51025390625 0.48193359375 0.009765625 0.009765625
0 0.470703125 0.47509765625 0.01171875 0.017578125
0 0.4228515625 0.5498046875 0.009765625 0.0146484375
0 0.45556640625 0.58642578125 0.0107421875 0.01171875
0 0.2890625 0.56591796875 0.0107421875 0.0146484375
0 0.73095703125 0.4404296875 0.0126953125 0.015625
0 0.84130859375 0.4306640625 0.01171875 0.01171875
0 0.83154296875 0.4912109375 0.0068359375 0.0126953125
0 0.748046875 0.52490234375 0.0087890625 0.01171875
0 0.71728515625 0.50927734375 0.0078125 0.009765625
0 0.72607421875 0.7646484375 0.0078125 0.009765625
0 0.72802734375 0.84716796875 0.0068359375 0.01171875
0 0.7578125 0.81787109375 0.02734375 0.0234375
0 0.8125 0.7138671875 0.056640625 0.115234375
0 0.77978515625 0.61865234375 0.0087890625 0.0087890625
0 0.79150390625 0.62939453125 0.0078125 0.0107421875
0 0.740234375 0.57421875 0.009765625 0.0107421875
0 0.5634765625 0.62158203125 0.013671875 0.0146484375
0 0.4951171875 0.88427734375 0.01171875 0.0146484375
0 0.4619140625 0.88134765625 0.0107421875 0.017578125
0 0.4375 0.8642578125 0.0078125 0.0126953125
0 0.40478515625 0.837890625 0.009765625 0.0126953125
0 0.3896484375 0.82275390625 0.01171875 0.0126953125
0 0.50146484375 0.77490234375 0.0146484375 0.0078125
0 0.50634765625 0.7509765625 0.005859375 0.0146484375
0 0.45947265625 0.69775390625 0.009765625 0.0107421875