0 0.7119140625 0.55517578125 0.1484375 0.220703125
0 0.70654296875 0.48291015625 0.01171875 0.009765625
0 0.38037109375 0.9072265625 0.166015625 0.15625
0 0.6796875 0.60888671875 0.0595703125 0.0625
0 0.56884765625 0.30078125 0.056640625 0.0537109375
0 0.52783203125 0.96826171875 0.009765625 0.009765625
0 0.24365234375 0.68603515625 0.0947265625 0.185546875
0 0.49365234375 0.8232421875 0.0185546875 0.01953125
0 0.693359375 0.86962890625 0.0078125 0.01171875
0 0.7177734375 0.84423828125 0.013671875 0.021484375
0 0.6083984375 0.81884765625 0.2001953125 0.25
0 0.572265625 0.654296875 0.01953125 0.0263671875
0 0.46044921875 0.65234375 0.013671875 0.025390625
0 0.412109375 0.7412109375 0.021484375 0.025390625
0 0.2802734375 0.736328125 0.009765625 0.0126953125
0 0.376953125 0.69140625 0.1796875 0.259765625
0 0.67138671875 0.39697265625 0.01171875 0.01171875
0 0.48046875 0.4521484375 0.009765625 0.01171875
0 0.5361328125 0.486328125 0.24609375 0.30859375
0 0.52099609375 0.58642578125 0.041015625 0.060546875
0 0.3193359375 0.34716796875 0.119140625 0.171875
0 0.56201171875 0.23974609375 0.0126953125 0.0126953125
0 0.490234375 0.3173828125 0.248046875 0.220703125
0 0.4287109375 0.5498046875 0.01171875 0.017578125
0 0.6611328125 0.64404296875 0.005859375 0.0087890625
0 0.6376953125 0.69287109375 0.017578125 0.021484375
0 0.64404296875 0.73193359375 0.029296875 0.0322265625
0 0.2607421875 0.81005859375 0.0576171875 0.056640625