0 0.44482421875 0.2880859375 0.220703125 0.1484375
0 0.51708984375 0.29345703125 0.009765625 0.01171875
0 0.0927734375 0.61962890625 0.15625 0.166015625
0 0.39111328125 0.3203125 0.0625 0.0595703125
0 0.69921875 0.43115234375 0.0537109375 0.056640625
0 0.03173828125 0.47216796875 0.009765625 0.009765625
0 0.31396484375 0.75634765625 0.185546875 0.0947265625
0 0.1767578125 0.50634765625 0.01953125 0.0185546875
0 0.13037109375 0.306640625 0.01171875 0.0078125
0 0.15576171875 0.2822265625 0.021484375 0.013671875
0 0.18115234375 0.3916015625 0.25 0.2001953125
0 0.345703125 0.427734375 0.0263671875 0.01953125
0 0.34765625 0.53955078125 0.025390625 0.013671875
0 0.2587890625 0.587890625 0.025390625 0.021484375
0 0.263671875 0.7197265625 0.0126953125 0.009765625
0 0.30859375 0.623046875 0.259765625 0.1796875
0 0.60302734375 0.32861328125 0.01171875 0.01171875
0 0.5478515625 0.51953125 0.01171875 0.009765625
0 0.513671875 0.4638671875 0.30859375 0.24609375
0 0.41357421875 0.47900390625 0.060546875 0.041015625
0 0.65283203125 0.6806640625 0.171875 0.119140625
0 0.76025390625 0.43798828125 0.0126953125 0.0126953125
0 0.6826171875 0.509765625 0.220703125 0.248046875
0 0.4501953125 0.5712890625 0.017578125 0.01171875
0 0.35595703125 0.3388671875 0.0087890625 0.005859375
0 0.30712890625 0.3623046875 0.021484375 0.017578125
0 0.26806640625 0.35595703125 0.0322265625 0.029296875
0 0.18994140625 0.7392578125 0.056640625 0.0576171875