0 0.17626953125 0.5859375 0.02734375 0.0205078125
0 0.4892578125 0.56640625 0.3359375 0.240234375
0 0.2216796875 0.6015625 0.0126953125 0.0126953125
0 0.396484375 0.6025390625 0.0517578125 0.0419921875
0 0.634765625 0.41259765625 0.0732421875 0.076171875
0 0.2021484375 0.3349609375 0.1826171875 0.14453125
0 0.21630859375 0.71337890625 0.01171875 0.009765625
0 0.689453125 0.287109375 0.078125 0.0673828125
0 0.70166015625 0.41845703125 0.0234375 0.021484375
0 0.537109375 0.3095703125 0.0107421875 0.0087890625
0 0.474609375 0.345703125 0.0107421875 0.0107421875
0 0.44921875 0.7138671875 0.19921875 0.169921875
0 0.10986328125 0.41748046875 0.09765625 0.09765625
0 0.48291015625 0.326171875 0.30078125 0.24609375
0 0.2158203125 0.4697265625 0.2919921875 0.185546875
0 0.080078125 0.57080078125 0.009765625 0.0068359375
0 0.13134765625 0.59765625 0.009765625 0.005859375
0 0.24365234375 0.60546875 0.009765625 0.005859375
0 0.17333984375 0.5849609375 0.15625 0.0771484375
0 0.26123046875 0.6728515625 0.009765625 0.0078125
0 0.23681640625 0.7138671875 0.16796875 0.11328125
0 0.3515625 0.3095703125 0.0107421875 0.01171875
0 0.4580078125 0.689453125 0.01171875 0.009765625
0 0.48193359375 0.67822265625 0.013671875 0.01171875
0 0.38037109375 0.66259765625 0.01171875 0.01171875
0 0.42529296875 0.48486328125 0.009765625 0.01171875
0 0.396484375 0.5654296875 0.0322265625 0.0224609375
0 0.51953125 0.53759765625 0.009765625 0.0068359375
0 0.53369140625 0.48681640625 0.00390625 0.0048828125
0 0.57958984375 0.67236328125 0.01171875 0.009765625
0 0.68994140625 0.58056640625 0.013671875 0.009765625
0 0.72119140625 0.49072265625 0.1982421875 0.2578125
0 0.47021484375 0.4169921875 0.01171875 0.005859375