0 0.5859375 0.82373046875 0.0205078125 0.02734375
0 0.56640625 0.5107421875 0.240234375 0.3359375
0 0.6015625 0.7783203125 0.0126953125 0.0126953125
0 0.6025390625 0.603515625 0.0419921875 0.0517578125
0 0.41259765625 0.365234375 0.076171875 0.0732421875
0 0.3349609375 0.7978515625 0.14453125 0.1826171875
0 0.71337890625 0.78369140625 0.009765625 0.01171875
0 0.287109375 0.310546875 0.0673828125 0.078125
0 0.41845703125 0.29833984375 0.021484375 0.0234375
0 0.3095703125 0.462890625 0.0087890625 0.0107421875
0 0.345703125 0.525390625 0.0107421875 0.0107421875
0 0.7138671875 0.55078125 0.169921875 0.19921875
0 0.41748046875 0.89013671875 0.09765625 0.09765625
0 0.326171875 0.51708984375 0.24609375 0.30078125
0 0.4697265625 0.7841796875 0.185546875 0.2919921875
0 0.57080078125 0.919921875 0.0068359375 0.009765625
0 0.59765625 0.86865234375 0.005859375 0.009765625
0 0.60546875 0.75634765625 0.005859375 0.009765625
0 0.5849609375 0.82666015625 0.0771484375 0.15625
0 0.6728515625 0.73876953125 0.0078125 0.009765625
0 0.7138671875 0.76318359375 0.11328125 0.16796875
0 0.3095703125 0.6484375 0.01171875 0.0107421875
0 0.689453125 0.5419921875 0.009765625 0.01171875
0 0.67822265625 0.51806640625 0.01171875 0.013671875
0 0.66259765625 0.61962890625 0.01171875 0.01171875
0 0.48486328125 0.57470703125 0.01171875 0.009765625
0 0.5654296875 0.603515625 0.0224609375 0.0322265625
0 0.53759765625 0.48046875 0.0068359375 0.009765625
0 0.48681640625 0.46630859375 0.0048828125 0.00390625
0 0.67236328125 0.42041015625 0.009765625 0.01171875
0 0.58056640625 0.31005859375 0.009765625 0.013671875
0 0.49072265625 0.27880859375 0.2578125 0.1982421875
0 0.4169921875 0.52978515625 0.005859375 0.01171875