0 0.82373046875 0.4140625 0.02734375 0.0205078125
0 0.5107421875 0.43359375 0.3359375 0.240234375
0 0.7783203125 0.3984375 0.0126953125 0.0126953125
0 0.603515625 0.3974609375 0.0517578125 0.0419921875
0 0.365234375 0.58740234375 0.0732421875 0.076171875
0 0.7978515625 0.6650390625 0.1826171875 0.14453125
0 0.78369140625 0.28662109375 0.01171875 0.009765625
0 0.310546875 0.712890625 0.078125 0.0673828125
0 0.29833984375 0.58154296875 0.0234375 0.021484375
0 0.462890625 0.6904296875 0.0107421875 0.0087890625
0 0.525390625 0.654296875 0.0107421875 0.0107421875
0 0.55078125 0.2861328125 0.19921875 0.169921875
0 0.89013671875 0.58251953125 0.09765625 0.09765625
0 0.51708984375 0.673828125 0.30078125 0.24609375
0 0.7841796875 0.5302734375 0.2919921875 0.185546875
0 0.919921875 0.42919921875 0.009765625 0.0068359375
0 0.86865234375 0.40234375 0.009765625 0.005859375
0 0.75634765625 0.39453125 0.009765625 0.005859375
0 0.82666015625 0.4150390625 0.15625 0.0771484375
0 0.73876953125 0.3271484375 0.009765625 0.0078125
0 0.76318359375 0.2861328125 0.16796875 0.11328125
0 0.6484375 0.6904296875 0.0107421875 0.01171875
0 0.5419921875 0.310546875 0.01171875 0.009765625
0 0.51806640625 0.32177734375 0.013671875 0.01171875
0 0.61962890625 0.33740234375 0.01171875 0.01171875
0 0.57470703125 0.51513671875 0.009765625 0.01171875
0 0.603515625 0.4345703125 0.0322265625 0.0224609375
0 0.48046875 0.46240234375 0.009765625 0.0068359375
0 0.46630859375 0.51318359375 0.00390625 0.0048828125
0 0.42041015625 0.32763671875 0.01171875 0.009765625
0 0.31005859375 0.41943359375 0.013671875 0.009765625
0 0.27880859375 0.50927734375 0.1982421875 0.2578125
0 0.52978515625 0.5830078125 0.01171875 0.005859375