0 0.63818359375 0.61279296875 0.11328125 0.091796875
0 0.041015625 0.3916015625 0.0205078125 0.0146484375
0 0.3212890625 0.20849609375 0.1064453125 0.107421875
0 0.32861328125 0.654296875 0.4033203125 0.1748046875
0 0.21826171875 0.2626953125 0.1904296875 0.16796875
0 0.26171875 0.1845703125 0.0087890625 0.0068359375
0 0.478515625 0.2734375 0.28515625 0.23828125
0 0.71875 0.46826171875 0.115234375 0.08203125
0 0.75146484375 0.37548828125 0.115234375 0.123046875
0 0.7802734375 0.50390625 0.0546875 0.04296875
0 0.21044921875 0.55810546875 0.2421875 0.111328125
0 0.181640625 0.47998046875 0.224609375 0.0673828125
0 0.17333984375 0.4208984375 0.1826171875 0.0859375
0 0.34814453125 0.4326171875 0.1171875 0.099609375
0 0.279296875 0.41552734375 0.015625 0.013671875
0 0.53125 0.208984375 0.029296875 0.0263671875
0 0.39501953125 0.33251953125 0.0126953125 0.01171875
0 0.26318359375 0.33837890625 0.01171875 0.0078125
0 0.52978515625 0.57470703125 0.01953125 0.013671875
0 0.50146484375 0.35009765625 0.0126953125 0.009765625
0 0.57275390625 0.18603515625 0.0205078125 0.01953125