0 0.46435546875 0.25830078125 0.021484375 0.01953125
0 0.1328125 0.400390625 0.0263671875 0.0166015625
0 0.60400390625 0.4736328125 0.044921875 0.0478515625
0 0.55859375 0.458984375 0.0458984375 0.0380859375
0 0.18798828125 0.4921875 0.0185546875 0.0224609375
0 0.1142578125 0.55517578125 0.1806640625 0.169921875
0 0.25 0.62890625 0.1513671875 0.16015625
0 0.66162109375 0.61083984375 0.171875 0.146484375
0 0.75537109375 0.49462890625 0.0654296875 0.0546875
0 0.453125 0.23828125 0.4013671875 0.1884765625
0 0.4599609375 0.580078125 0.359375 0.341796875