0 0.53564453125 0.74169921875 0.021484375 0.01953125
0 0.8671875 0.599609375 0.0263671875 0.0166015625
0 0.39599609375 0.5263671875 0.044921875 0.0478515625
0 0.44140625 0.541015625 0.0458984375 0.0380859375
0 0.81201171875 0.5078125 0.0185546875 0.0224609375
0 0.8857421875 0.44482421875 0.1806640625 0.169921875
0 0.75 0.37109375 0.1513671875 0.16015625
0 0.33837890625 0.38916015625 0.171875 0.146484375
0 0.24462890625 0.50537109375 0.0654296875 0.0546875
0 0.546875 0.76171875 0.4013671875 0.1884765625
0 0.5400390625 0.419921875 0.359375 0.341796875