0 0.30126953125 0.55419921875 0.017578125 0.017578125
0 0.587890625 0.1328125 0.0166015625 0.0263671875
0 0.55322265625 0.31103515625 0.029296875 0.03125
0 0.2197265625 0.6708984375 0.0146484375 0.0126953125
0 0.439453125 0.1318359375 0.0283203125 0.0341796875
0 0.609375 0.4423828125 0.009765625 0.013671875
0 0.4345703125 0.32177734375 0.0205078125 0.0234375
0 0.3095703125 0.125 0.0126953125 0.0166015625
0 0.27099609375 0.23583984375 0.01953125 0.025390625
0 0.51171875 0.25 0.0126953125 0.0205078125
0 0.50244140625 0.54736328125 0.013671875 0.01171875
0 0.2333984375 0.1455078125 0.0146484375 0.0166015625
0 0.3623046875 0.71923828125 0.0126953125 0.013671875
0 0.47802734375 0.16552734375 0.025390625 0.03125
0 0.66015625 0.4638671875 0.0146484375 0.0185546875
0 0.5751953125 0.3515625 0.009765625 0.0146484375
0 0.6650390625 0.4873046875 0.0185546875 0.0185546875
0 0.373046875 0.74951171875 0.0146484375 0.015625
0 0.26953125 0.20263671875 0.0146484375 0.013671875
0 0.6474609375 0.34326171875 0.0146484375 0.01953125
0 0.22998046875 0.20361328125 0.029296875 0.0546875
0 0.55322265625 0.44921875 0.03125 0.0341796875
0 0.6123046875 0.16357421875 0.0126953125 0.017578125
0 0.470703125 0.21044921875 0.0146484375 0.013671875
0 0.30810546875 0.12451171875 0.025390625 0.029296875
0 0.43505859375 0.05322265625 0.01171875 0.01171875
0 0.40087890625 0.013671875 0.025390625 0.021484375
0 0.5068359375 0.18017578125 0.0078125 0.0126953125
0 0.46875 0.18310546875 0.0078125 0.0068359375
0 0.43017578125 0.1708984375 0.009765625 0.015625
0 0.29736328125 0.2861328125 0.0283203125 0.029296875
0 0.45703125 0.296875 0.0224609375 0.033203125
0 0.4326171875 0.34130859375 0.00390625 0.0048828125
0 0.36572265625 0.25732421875 0.12890625 0.1796875
0 0.25390625 0.12939453125 0.0068359375 0.009765625
0 0.2216796875 0.259765625 0.01171875 0.015625
0 0.09814453125 0.27294921875 0.013671875 0.013671875
0 0.12353515625 0.33935546875 0.0126953125 0.0146484375
0 0.1318359375 0.34765625 0.005859375 0.009765625
0 0.11376953125 0.34716796875 0.0068359375 0.0078125
0 0.2255859375 0.3740234375 0.009765625 0.0107421875
0 0.10791015625 0.4208984375 0.0078125 0.0078125
0 0.20263671875 0.45751953125 0.0166015625 0.025390625
0 0.29150390625 0.3759765625 0.009765625 0.0126953125
0 0.306640625 0.470703125 0.0078125 0.009765625
0 0.1669921875 0.60791015625 0.01171875 0.009765625
0 0.29638671875 0.7646484375 0.0234375 0.0224609375
0 0.412109375 0.76953125 0.009765625 0.009765625
0 0.43212890625 0.765625 0.029296875 0.03515625
0 0.427734375 0.65625 0.009765625 0.01171875
0 0.5634765625 0.69775390625 0.02734375 0.025390625
0 0.57177734375 0.62060546875 0.009765625 0.017578125
0 0.5087890625 0.576171875 0.0078125 0.009765625
0 0.4365234375 0.6044921875 0.01171875 0.013671875
0 0.38134765625 0.62109375 0.0234375 0.029296875
0 0.39306640625 0.4619140625 0.0078125 0.009765625
0 0.4296875 0.421875 0.005859375 0.0078125
0 0.42626953125 0.5234375 0.09375 0.0810546875
0 0.42041015625 0.45166015625 0.017578125 0.0146484375
0 0.41796875 0.47021484375 0.01171875 0.013671875
0 0.42529296875 0.4765625 0.009765625 0.01171875
0 0.42919921875 0.4677734375 0.009765625 0.013671875
0 0.4404296875 0.4736328125 0.015625 0.017578125
0 0.45556640625 0.43798828125 0.033203125 0.0439453125
0 0.54638671875 0.40771484375 0.005859375 0.009765625
0 0.52734375 0.40185546875 0.01953125 0.025390625
0 0.52099609375 0.43212890625 0.021484375 0.029296875
0 0.5498046875 0.55322265625 0.0078125 0.01171875
0 0.5947265625 0.55810546875 0.01171875 0.013671875
0 0.4609375 0.2265625 0.009765625 0.01171875
0 0.5859375 0.3046875 0.0087890625 0.01171875
0 0.5244140625 0.30810546875 0.0048828125 0.0078125
0 0.58203125 0.3505859375 0.005859375 0.005859375
0 0.59033203125 0.34814453125 0.00390625 0.005859375
0 0.58984375 0.369140625 0.0048828125 0.0078125
0 0.61767578125 0.3505859375 0.0068359375 0.009765625
0 0.58203125 0.34228515625 0.005859375 0.0078125
0 0.58642578125 0.345703125 0.0068359375 0.0078125
0 0.5986328125 0.36962890625 0.005859375 0.009765625
0 0.58740234375 0.41259765625 0.0048828125 0.005859375
0 0.59228515625 0.412109375 0.005859375 0.0078125
0 0.6123046875 0.38916015625 0.009765625 0.01171875
0 0.63623046875 0.4599609375 0.005859375 0.009765625
0 0.63525390625 0.49755859375 0.0048828125 0.0078125
0 0.63818359375 0.509765625 0.00390625 0.005859375
0 0.64208984375 0.50927734375 0.0048828125 0.005859375
0 0.640625 0.51513671875 0.0048828125 0.005859375
0 0.642578125 0.521484375 0.0087890625 0.0107421875
0 0.62255859375 0.4658203125 0.0107421875 0.013671875
0 0.64794921875 0.47705078125 0.0078125 0.0126953125