0 0.69873046875 0.55419921875 0.017578125 0.017578125
0 0.412109375 0.1328125 0.0166015625 0.0263671875
0 0.44677734375 0.31103515625 0.029296875 0.03125
0 0.7802734375 0.6708984375 0.0146484375 0.0126953125
0 0.560546875 0.1318359375 0.0283203125 0.0341796875
0 0.390625 0.4423828125 0.009765625 0.013671875
0 0.5654296875 0.32177734375 0.0205078125 0.0234375
0 0.6904296875 0.125 0.0126953125 0.0166015625
0 0.72900390625 0.23583984375 0.01953125 0.025390625
0 0.48828125 0.25 0.0126953125 0.0205078125
0 0.49755859375 0.54736328125 0.013671875 0.01171875
0 0.7666015625 0.1455078125 0.0146484375 0.0166015625
0 0.6376953125 0.71923828125 0.0126953125 0.013671875
0 0.52197265625 0.16552734375 0.025390625 0.03125
0 0.33984375 0.4638671875 0.0146484375 0.0185546875
0 0.4248046875 0.3515625 0.009765625 0.0146484375
0 0.3349609375 0.4873046875 0.0185546875 0.0185546875
0 0.626953125 0.74951171875 0.0146484375 0.015625
0 0.73046875 0.20263671875 0.0146484375 0.013671875
0 0.3525390625 0.34326171875 0.0146484375 0.01953125
0 0.77001953125 0.20361328125 0.029296875 0.0546875
0 0.44677734375 0.44921875 0.03125 0.0341796875
0 0.3876953125 0.16357421875 0.0126953125 0.017578125
0 0.529296875 0.21044921875 0.0146484375 0.013671875
0 0.69189453125 0.12451171875 0.025390625 0.029296875
0 0.56494140625 0.05322265625 0.01171875 0.01171875
0 0.59912109375 0.013671875 0.025390625 0.021484375
0 0.4931640625 0.18017578125 0.0078125 0.0126953125
0 0.53125 0.18310546875 0.0078125 0.0068359375
0 0.56982421875 0.1708984375 0.009765625 0.015625
0 0.70263671875 0.2861328125 0.02734375 0.029296875
0 0.54296875 0.296875 0.0224609375 0.033203125
0 0.5673828125 0.34130859375 0.00390625 0.0048828125
0 0.63427734375 0.25732421875 0.12890625 0.1796875
0 0.74609375 0.12939453125 0.0068359375 0.009765625
0 0.7783203125 0.259765625 0.01171875 0.015625
0 0.90185546875 0.27294921875 0.013671875 0.013671875
0 0.87646484375 0.33935546875 0.0126953125 0.0146484375
0 0.8681640625 0.34765625 0.005859375 0.009765625
0 0.88623046875 0.34716796875 0.0068359375 0.0078125
0 0.7744140625 0.3740234375 0.009765625 0.0107421875
0 0.89208984375 0.4208984375 0.0078125 0.0078125
0 0.79736328125 0.45751953125 0.0166015625 0.025390625
0 0.70849609375 0.3759765625 0.009765625 0.0126953125
0 0.693359375 0.470703125 0.0078125 0.009765625
0 0.8330078125 0.60791015625 0.01171875 0.009765625
0 0.70361328125 0.7646484375 0.0234375 0.0224609375
0 0.587890625 0.76953125 0.009765625 0.009765625
0 0.56787109375 0.765625 0.029296875 0.03515625
0 0.572265625 0.65625 0.009765625 0.01171875
0 0.4365234375 0.69775390625 0.02734375 0.025390625
0 0.42822265625 0.62060546875 0.009765625 0.017578125
0 0.4912109375 0.576171875 0.0078125 0.009765625
0 0.5634765625 0.6044921875 0.01171875 0.013671875
0 0.61865234375 0.62109375 0.0234375 0.029296875
0 0.60693359375 0.4619140625 0.0078125 0.009765625
0 0.5703125 0.421875 0.005859375 0.0078125
0 0.57373046875 0.5234375 0.09375 0.0810546875
0 0.57958984375 0.45166015625 0.017578125 0.0146484375
0 0.58203125 0.47021484375 0.01171875 0.013671875
0 0.57470703125 0.4765625 0.009765625 0.01171875
0 0.57080078125 0.4677734375 0.009765625 0.013671875
0 0.5595703125 0.4736328125 0.015625 0.017578125
0 0.54443359375 0.43798828125 0.033203125 0.0439453125
0 0.45361328125 0.40771484375 0.005859375 0.009765625
0 0.47265625 0.40185546875 0.01953125 0.025390625
0 0.47900390625 0.43212890625 0.021484375 0.029296875
0 0.4501953125 0.55322265625 0.0078125 0.01171875
0 0.4052734375 0.55810546875 0.01171875 0.013671875
0 0.5390625 0.2265625 0.009765625 0.01171875
0 0.4140625 0.3046875 0.0087890625 0.01171875
0 0.4755859375 0.30810546875 0.0048828125 0.0078125
0 0.41796875 0.3505859375 0.005859375 0.005859375
0 0.40966796875 0.34814453125 0.00390625 0.005859375
0 0.41015625 0.369140625 0.0048828125 0.0078125
0 0.38232421875 0.3505859375 0.0068359375 0.009765625
0 0.41796875 0.34228515625 0.005859375 0.0078125
0 0.41357421875 0.345703125 0.0068359375 0.0078125
0 0.4013671875 0.36962890625 0.005859375 0.009765625
0 0.41259765625 0.41259765625 0.0048828125 0.005859375
0 0.40771484375 0.412109375 0.005859375 0.0078125
0 0.3876953125 0.38916015625 0.009765625 0.01171875
0 0.36376953125 0.4599609375 0.005859375 0.009765625
0 0.36474609375 0.49755859375 0.0048828125 0.0078125
0 0.36181640625 0.509765625 0.00390625 0.005859375
0 0.35791015625 0.50927734375 0.0048828125 0.005859375
0 0.359375 0.51513671875 0.0048828125 0.005859375
0 0.357421875 0.521484375 0.0087890625 0.0107421875
0 0.37744140625 0.4658203125 0.0107421875 0.013671875
0 0.35205078125 0.47705078125 0.0078125 0.0126953125