0 0.53125 0.8798828125 0.0517578125 0.060546875
0 0.572265625 0.81103515625 0.1103515625 0.11328125
0 0.6103515625 0.63037109375 0.03515625 0.0380859375
0 0.5634765625 0.6796875 0.1240234375 0.16015625
0 0.62939453125 0.41259765625 0.029296875 0.046875
0 0.50341796875 0.3251953125 0.017578125 0.0302734375
0 0.49755859375 0.39794921875 0.189453125 0.255859375
0 0.27099609375 0.41845703125 0.13671875 0.140625
0 0.298828125 0.54638671875 0.083984375 0.111328125
0 0.162109375 0.3759765625 0.021484375 0.029296875
0 0.4736328125 0.181640625 0.02734375 0.03125
0 0.28759765625 0.27001953125 0.1611328125 0.1748046875
0 0.353515625 0.650390625 0.1240234375 0.169921875
0 0.2041015625 0.63818359375 0.142578125 0.2294921875
0 0.14697265625 0.5078125 0.03515625 0.060546875