0 0.30078125 0.16357421875 0.048828125 0.03125
0 0.3447265625 0.20361328125 0.05078125 0.03125
0 0.28076171875 0.2626953125 0.056640625 0.0400390625
0 0.154296875 0.36962890625 0.0390625 0.0283203125
0 0.330078125 0.35546875 0.048828125 0.0361328125
0 0.26318359375 0.44775390625 0.05078125 0.0390625
0 0.193359375 0.48046875 0.0419921875 0.03515625
0 0.05419921875 0.42822265625 0.0361328125 0.03125
0 0.13671875 0.2705078125 0.14453125 0.1337890625
0 0.15869140625 0.5810546875 0.123046875 0.099609375
0 0.5810546875 0.2958984375 0.03125 0.033203125
0 0.60205078125 0.22216796875 0.1005859375 0.087890625
0 0.69287109375 0.2109375 0.0361328125 0.025390625
0 0.74755859375 0.3427734375 0.083984375 0.0615234375
0 0.79833984375 0.3828125 0.029296875 0.03125
0 0.66552734375 0.34130859375 0.068359375 0.0625
0 0.68115234375 0.4384765625 0.056640625 0.033203125
0 0.7392578125 0.5048828125 0.078125 0.046875
0 0.75244140625 0.55517578125 0.03515625 0.025390625
0 0.74169921875 0.576171875 0.0390625 0.025390625
0 0.6806640625 0.6396484375 0.033203125 0.029296875
0 0.625 0.6689453125 0.041015625 0.029296875
0 0.59814453125 0.6162109375 0.0390625 0.037109375
0 0.400390625 0.45703125 0.044921875 0.0400390625
0 0.39794921875 0.52783203125 0.08984375 0.0634765625
0 0.35302734375 0.59130859375 0.072265625 0.0634765625
0 0.359375 0.66552734375 0.04296875 0.03125
0 0.3544921875 0.7021484375 0.0810546875 0.041015625
0 0.5048828125 0.50439453125 0.041015625 0.029296875
0 0.45654296875 0.44873046875 0.05078125 0.044921875
0 0.5 0.451171875 0.02734375 0.0263671875
0 0.5078125 0.65625 0.03515625 0.029296875
0 0.46923828125 0.640625 0.103515625 0.07421875
0 0.47216796875 0.2783203125 0.193359375 0.173828125
0 0.6005859375 0.47900390625 0.142578125 0.1201171875
0 0.20654296875 0.32861328125 0.01953125 0.0166015625
0 0.06005859375 0.376953125 0.03125 0.037109375
0 0.44189453125 0.39794921875 0.01953125 0.015625