0 0.49169921875 0.6552734375 0.013671875 0.0302734375
0 0.57763671875 0.654296875 0.044921875 0.0478515625
0 0.2158203125 0.65234375 0.1083984375 0.166015625
0 0.38525390625 0.62109375 0.1494140625 0.2119140625
0 0.69970703125 0.62109375 0.041015625 0.029296875
0 0.3271484375 0.61572265625 0.05078125 0.05078125
0 0.3359375 0.5712890625 0.0263671875 0.029296875
0 0.6845703125 0.5703125 0.125 0.32421875
0 0.455078125 0.5615234375 0.048828125 0.068359375
0 0.50634765625 0.54833984375 0.04296875 0.0498046875
0 0.25732421875 0.50341796875 0.173828125 0.20703125
0 0.38134765625 0.48828125 0.0234375 0.017578125
0 0.52490234375 0.4853515625 0.04296875 0.0556640625
0 0.61181640625 0.46142578125 0.10546875 0.1494140625
0 0.45654296875 0.4375 0.03125 0.04296875
0 0.43310546875 0.42138671875 0.158203125 0.177734375
0 0.44287109375 0.42041015625 0.0263671875 0.0283203125
0 0.59228515625 0.41796875 0.0478515625 0.05859375
0 0.4228515625 0.416015625 0.0234375 0.0205078125
0 0.47119140625 0.39794921875 0.015625 0.0390625
0 0.23876953125 0.38623046875 0.015625 0.0234375
0 0.21923828125 0.36279296875 0.0234375 0.03125
0 0.64697265625 0.35986328125 0.09375 0.109375
0 0.2978515625 0.35107421875 0.109375 0.138671875
0 0.4931640625 0.33544921875 0.0263671875 0.0341796875
0 0.46142578125 0.32568359375 0.15234375 0.1591796875
0 0.55908203125 0.2685546875 0.091796875 0.12890625
0 0.60693359375 0.25341796875 0.01953125 0.0361328125
0 0.31396484375 0.2392578125 0.0986328125 0.0986328125
0 0.47705078125 0.21240234375 0.046875 0.048828125
0 0.5361328125 0.88525390625 0.03125 0.056640625
0 0.3642578125 0.857421875 0.220703125 0.19140625
0 0.50634765625 0.833984375 0.0478515625 0.0625
0 0.28759765625 0.7744140625 0.0546875 0.07421875
0 0.447265625 0.75048828125 0.0380859375 0.052734375
0 0.486328125 0.71630859375 0.224609375 0.271484375
0 0.5341796875 0.705078125 0.0283203125 0.0185546875
0 0.60791015625 0.68505859375 0.171875 0.279296875