0 0.123046875 0.46484375 0.0146484375 0.01171875
0 0.138671875 0.53173828125 0.01171875 0.009765625
0 0.17041015625 0.5126953125 0.0078125 0.009765625
0 0.17333984375 0.44189453125 0.0107421875 0.01171875
0 0.154296875 0.42138671875 0.0126953125 0.009765625
0 0.1279296875 0.42333984375 0.00390625 0.0107421875
0 0.1640625 0.3984375 0.009765625 0.01171875
0 0.1806640625 0.3798828125 0.009765625 0.0078125
0 0.205078125 0.34619140625 0.009765625 0.0087890625
0 0.1884765625 0.33935546875 0.009765625 0.0078125
0 0.189453125 0.310546875 0.009765625 0.0078125
0 0.15673828125 0.29296875 0.005859375 0.0078125
0 0.1298828125 0.31201171875 0.015625 0.0078125
0 0.26611328125 0.2470703125 0.01171875 0.005859375
0 0.2626953125 0.26611328125 0.0107421875 0.00390625
0 0.3056640625 0.2626953125 0.009765625 0.013671875
0 0.2890625 0.30615234375 0.01171875 0.009765625
0 0.29296875 0.35546875 0.0126953125 0.0078125
0 0.22509765625 0.3564453125 0.0078125 0.0048828125
0 0.23779296875 0.318359375 0.0078125 0.0078125
0 0.24951171875 0.3115234375 0.005859375 0.005859375
0 0.2568359375 0.322265625 0.005859375 0.005859375
0 0.22216796875 0.427734375 0.0107421875 0.005859375
0 0.1796875 0.54638671875 0.009765625 0.0078125
0 0.25 0.50390625 0.0078125 0.005859375
0 0.2646484375 0.46044921875 0.005859375 0.005859375
0 0.2724609375 0.46337890625 0.009765625 0.005859375
0 0.2333984375 0.55322265625 0.0078125 0.0087890625
0 0.1982421875 0.6103515625 0.009765625 0.0078125
0 0.19140625 0.6845703125 0.009765625 0.01171875
0 0.23583984375 0.626953125 0.0087890625 0.0068359375
0 0.265625 0.60400390625 0.009765625 0.0068359375
0 0.2470703125 0.59130859375 0.0107421875 0.0078125
0 0.25439453125 0.5810546875 0.013671875 0.0107421875
0 0.333984375 0.2841796875 0.0107421875 0.0068359375
0 0.3544921875 0.29736328125 0.013671875 0.0078125
0 0.3740234375 0.32568359375 0.0087890625 0.005859375
0 0.400390625 0.36328125 0.009765625 0.005859375
0 0.44921875 0.25341796875 0.009765625 0.0078125
0 0.541015625 0.27197265625 0.0107421875 0.0068359375
0 0.59228515625 0.2587890625 0.0087890625 0.005859375
0 0.5830078125 0.29296875 0.009765625 0.009765625
0 0.68994140625 0.39453125 0.01171875 0.0078125
0 0.5478515625 0.3857421875 0.009765625 0.005859375
0 0.5322265625 0.392578125 0.015625 0.01171875
0 0.5048828125 0.43017578125 0.0126953125 0.005859375
0 0.45166015625 0.44287109375 0.009765625 0.005859375
0 0.41943359375 0.45556640625 0.0107421875 0.005859375
0 0.32958984375 0.453125 0.005859375 0.0078125
0 0.34423828125 0.4697265625 0.009765625 0.0068359375
0 0.36669921875 0.49365234375 0.01171875 0.005859375
0 0.37890625 0.52099609375 0.01171875 0.00390625
0 0.37548828125 0.53564453125 0.0078125 0.0078125
0 0.35791015625 0.52197265625 0.01171875 0.0078125
0 0.40087890625 0.5400390625 0.01171875 0.0078125
0 0.3857421875 0.57861328125 0.0087890625 0.0068359375
0 0.36328125 0.57421875 0.0107421875 0.0078125
0 0.3701171875 0.6015625 0.0107421875 0.005859375
0 0.38232421875 0.61181640625 0.0078125 0.0078125
0 0.4013671875 0.62451171875 0.0078125 0.005859375
0 0.31884765625 0.595703125 0.009765625 0.0078125
0 0.27978515625 0.689453125 0.009765625 0.0078125
0 0.3076171875 0.69775390625 0.0087890625 0.005859375
0 0.3271484375 0.62548828125 0.005859375 0.0068359375
0 0.33349609375 0.626953125 0.01171875 0.0078125
0 0.33203125 0.634765625 0.009765625 0.009765625
0 0.3505859375 0.7236328125 0.009765625 0.005859375
0 0.33984375 0.74609375 0.0087890625 0.0078125
0 0.3857421875 0.75390625 0.01171875 0.0087890625
0 0.39501953125 0.70849609375 0.01171875 0.005859375
0 0.36572265625 0.66552734375 0.0078125 0.0078125
0 0.40625 0.6630859375 0.0087890625 0.005859375
0 0.41845703125 0.65869140625 0.009765625 0.009765625
0 0.42724609375 0.60107421875 0.013671875 0.009765625
0 0.4423828125 0.56103515625 0.009765625 0.005859375
0 0.455078125 0.54638671875 0.009765625 0.0078125
0 0.47607421875 0.68701171875 0.0078125 0.0078125
0 0.4873046875 0.6884765625 0.0087890625 0.0078125
0 0.50146484375 0.6923828125 0.009765625 0.009765625
0 0.5009765625 0.70703125 0.0126953125 0.009765625
0 0.474609375 0.6162109375 0.01171875 0.0078125
0 0.49169921875 0.59423828125 0.013671875 0.0078125
0 0.48583984375 0.572265625 0.009765625 0.0068359375
0 0.47705078125 0.54638671875 0.0087890625 0.0078125
0 0.51416015625 0.625 0.009765625 0.005859375
0 0.541015625 0.6357421875 0.0107421875 0.0087890625
0 0.552734375 0.62353515625 0.0126953125 0.0078125
0 0.54931640625 0.58056640625 0.013671875 0.0078125
0 0.49853515625 0.51513671875 0.009765625 0.0078125
0 0.5361328125 0.458984375 0.0107421875 0.0078125
0 0.5830078125 0.4306640625 0.0126953125 0.0107421875
0 0.6103515625 0.4189453125 0.009765625 0.0078125
0 0.62255859375 0.43017578125 0.0107421875 0.005859375
0 0.65625 0.4970703125 0.01171875 0.005859375
0 0.6376953125 0.5947265625 0.0126953125 0.009765625
0 0.669921875 0.50634765625 0.0126953125 0.0087890625
0 0.6533203125 0.50537109375 0.013671875 0.0087890625
0 0.7451171875 0.509765625 0.01171875 0.009765625
0 0.720703125 0.529296875 0.0107421875 0.01171875
0 0.6845703125 0.5380859375 0.0146484375 0.009765625
0 0.70556640625 0.55322265625 0.01171875 0.0107421875
0 0.70361328125 0.57666015625 0.0146484375 0.009765625