0 0.5244140625 0.83447265625 0.017578125 0.033203125
0 0.4404296875 0.86279296875 0.009765625 0.0126953125
0 0.34033203125 0.7431640625 0.03125 0.015625
0 0.369140625 0.60009765625 0.0244140625 0.0576171875
0 0.38525390625 0.60107421875 0.03125 0.056640625
0 0.40234375 0.57958984375 0.01953125 0.0380859375
0 0.4404296875 0.59814453125 0.013671875 0.021484375
0 0.32861328125 0.70068359375 0.029296875 0.0234375
0 0.376953125 0.732421875 0.03125 0.01171875
0 0.35693359375 0.767578125 0.0390625 0.0087890625
0 0.376953125 0.787109375 0.02734375 0.029296875
0 0.37939453125 0.76123046875 0.03515625 0.009765625
0 0.60791015625 0.66552734375 0.0234375 0.0234375
0 0.54736328125 0.5595703125 0.0302734375 0.0419921875
0 0.51806640625 0.62744140625 0.0107421875 0.009765625
0 0.51318359375 0.6650390625 0.009765625 0.013671875
0 0.4873046875 0.7490234375 0.0078125 0.009765625
0 0.49560546875 0.75537109375 0.0078125 0.01171875
0 0.505859375 0.75439453125 0.0087890625 0.01171875
0 0.51708984375 0.7626953125 0.009765625 0.009765625
0 0.49560546875 0.71044921875 0.0087890625 0.0205078125
0 0.51025390625 0.7275390625 0.0068359375 0.01171875
0 0.52392578125 0.73828125 0.009765625 0.017578125
0 0.54443359375 0.759765625 0.0078125 0.015625
0 0.53857421875 0.80126953125 0.0107421875 0.0146484375
0 0.55322265625 0.69873046875 0.0146484375 0.0126953125
0 0.53125 0.67333984375 0.01171875 0.013671875
0 0.5263671875 0.650390625 0.009765625 0.01171875
0 0.55908203125 0.6728515625 0.0078125 0.0087890625
0 0.48046875 0.560546875 0.005859375 0.0087890625
0 0.4345703125 0.6484375 0.0185546875 0.0185546875
0 0.4072265625 0.66015625 0.0078125 0.0078125
0 0.39404296875 0.66064453125 0.01171875 0.01171875
0 0.47900390625 0.6396484375 0.009765625 0.009765625
0 0.46435546875 0.68701171875 0.0048828125 0.009765625
0 0.478515625 0.6748046875 0.009765625 0.0107421875