0 0.4453125 0.17919921875 0.072265625 0.0986328125
0 0.59326171875 0.2109375 0.076171875 0.09375
0 0.513671875 0.16015625 0.029296875 0.0361328125
0 0.60400390625 0.333984375 0.02734375 0.0390625
0 0.62109375 0.369140625 0.01171875 0.015625
0 0.6015625 0.279296875 0.015625 0.0185546875
0 0.48046875 0.2333984375 0.01171875 0.015625
0 0.486328125 0.2802734375 0.0302734375 0.0419921875
0 0.4404296875 0.3173828125 0.029296875 0.0390625
0 0.41552734375 0.38818359375 0.03125 0.037109375
0 0.4189453125 0.46142578125 0.0341796875 0.0419921875
0 0.447265625 0.4248046875 0.013671875 0.015625
0 0.4765625 0.435546875 0.015625 0.017578125
0 0.4814453125 0.46826171875 0.009765625 0.01171875
0 0.373046875 0.4140625 0.03125 0.033203125
0 0.37890625 0.3603515625 0.017578125 0.017578125
0 0.5029296875 0.482421875 0.0146484375 0.01953125
0 0.583984375 0.4345703125 0.037109375 0.041015625
0 0.5537109375 0.35546875 0.0283203125 0.033203125
0 0.53125 0.30810546875 0.021484375 0.029296875
0 0.46435546875 0.31982421875 0.01171875 0.0146484375
0 0.525390625 0.46484375 0.0390625 0.05078125
0 0.50390625 0.43115234375 0.0078125 0.013671875
0 0.4755859375 0.38623046875 0.005859375 0.01171875
0 0.50732421875 0.224609375 0.009765625 0.009765625