0 0.80810546875 0.6455078125 0.013671875 0.0126953125
0 0.7275390625 0.5341796875 0.0087890625 0.013671875
0 0.73193359375 0.57470703125 0.009765625 0.013671875
0 0.68701171875 0.6494140625 0.009765625 0.013671875
0 0.68212890625 0.68310546875 0.009765625 0.013671875
0 0.67041015625 0.65869140625 0.0068359375 0.0126953125
0 0.58203125 0.73876953125 0.005859375 0.013671875
0 0.462890625 0.6845703125 0.0078125 0.013671875
0 0.5244140625 0.60498046875 0.009765625 0.013671875
0 0.49365234375 0.5771484375 0.01171875 0.009765625
0 0.49609375 0.5595703125 0.0087890625 0.0126953125
0 0.4814453125 0.5263671875 0.0078125 0.013671875
0 0.6708984375 0.42578125 0.0087890625 0.0126953125
0 0.64208984375 0.3671875 0.01171875 0.015625
0 0.6015625 0.275390625 0.009765625 0.009765625
0 0.55224609375 0.38427734375 0.0068359375 0.01171875
0 0.52490234375 0.3896484375 0.0068359375 0.005859375
0 0.5205078125 0.32177734375 0.0087890625 0.015625
0 0.34130859375 0.40869140625 0.01171875 0.0126953125
0 0.35498046875 0.3115234375 0.0126953125 0.013671875
0 0.4111328125 0.2744140625 0.0078125 0.01171875
0 0.3916015625 0.28271484375 0.009765625 0.0078125
0 0.44775390625 0.30859375 0.0087890625 0.017578125
0 0.45068359375 0.26953125 0.01171875 0.015625
0 0.50927734375 0.27490234375 0.0087890625 0.0126953125
0 0.56494140625 0.166015625 0.009765625 0.013671875
0 0.703125 0.25341796875 0.009765625 0.013671875
0 0.69677734375 0.17236328125 0.009765625 0.013671875
0 0.66552734375 0.12451171875 0.0078125 0.013671875