0 0.2421875 0.265625 0.03515625 0.037109375
0 0.31640625 0.28955078125 0.0556640625 0.05078125
0 0.34375 0.35107421875 0.037109375 0.046875
0 0.26416015625 0.3623046875 0.0322265625 0.044921875
0 0.2919921875 0.40771484375 0.0390625 0.05078125
0 0.2548828125 0.40625 0.041015625 0.0517578125
0 0.21826171875 0.4033203125 0.0283203125 0.04296875
0 0.1728515625 0.38427734375 0.033203125 0.046875
0 0.1865234375 0.33740234375 0.033203125 0.0458984375
0 0.14111328125 0.4560546875 0.0341796875 0.05078125
0 0.3525390625 0.1923828125 0.037109375 0.0517578125
0 0.38232421875 0.173828125 0.0380859375 0.04296875
0 0.42724609375 0.23291015625 0.0390625 0.0458984375
0 0.484375 0.19775390625 0.052734375 0.056640625
0 0.47509765625 0.2529296875 0.03515625 0.0517578125
0 0.501953125 0.27001953125 0.033203125 0.048828125
0 0.5517578125 0.2587890625 0.0322265625 0.0546875
0 0.51220703125 0.32470703125 0.029296875 0.037109375
0 0.51318359375 0.35693359375 0.033203125 0.0390625
0 0.525390625 0.404296875 0.052734375 0.052734375
0 0.5517578125 0.365234375 0.04296875 0.0390625
0 0.54638671875 0.322265625 0.0390625 0.044921875
0 0.44287109375 0.31005859375 0.025390625 0.0400390625
0 0.470703125 0.349609375 0.021484375 0.046875
0 0.43701171875 0.38134765625 0.0302734375 0.046875
0 0.42919921875 0.341796875 0.0390625 0.03515625
0 0.39892578125 0.41357421875 0.037109375 0.03125
0 0.38720703125 0.37255859375 0.025390625 0.041015625
0 0.40478515625 0.35888671875 0.02734375 0.03515625
0 0.41064453125 0.3896484375 0.02734375 0.046875
0 0.62109375 0.34521484375 0.033203125 0.052734375
0 0.65771484375 0.37939453125 0.03515625 0.0556640625
0 0.64501953125 0.427734375 0.0390625 0.046875
0 0.63671875 0.4814453125 0.0400390625 0.056640625
0 0.60009765625 0.38623046875 0.037109375 0.05078125
0 0.599609375 0.43212890625 0.0390625 0.0419921875
0 0.583984375 0.45263671875 0.03125 0.0458984375
0 0.50537109375 0.46484375 0.041015625 0.05078125
0 0.46826171875 0.490234375 0.0361328125 0.05078125
0 0.6123046875 0.54345703125 0.03125 0.048828125
0 0.71337890625 0.52734375 0.0341796875 0.046875
0 0.66162109375 0.5439453125 0.03125 0.0517578125
0 0.63720703125 0.54248046875 0.029296875 0.060546875
0 0.5361328125 0.55126953125 0.033203125 0.0546875
0 0.51171875 0.53857421875 0.0361328125 0.044921875
0 0.51171875 0.57373046875 0.029296875 0.0380859375
0 0.4248046875 0.5 0.03515625 0.0361328125
0 0.42626953125 0.53369140625 0.0419921875 0.0341796875
0 0.4423828125 0.57177734375 0.0400390625 0.052734375
0 0.35791015625 0.46240234375 0.03515625 0.0439453125
0 0.38232421875 0.5 0.037109375 0.046875
0 0.37353515625 0.5380859375 0.03515625 0.0439453125
0 0.2763671875 0.47021484375 0.03125 0.0400390625
0 0.2587890625 0.50244140625 0.03125 0.0439453125
0 0.22509765625 0.47802734375 0.04296875 0.0400390625
0 0.220703125 0.50830078125 0.03515625 0.044921875
0 0.20166015625 0.51416015625 0.03125 0.0478515625
0 0.1708984375 0.51416015625 0.041015625 0.05078125
0 0.16064453125 0.56396484375 0.0361328125 0.0478515625
0 0.2197265625 0.57470703125 0.03515625 0.05078125
0 0.19091796875 0.58837890625 0.029296875 0.0439453125
0 0.1494140625 0.6044921875 0.02734375 0.0341796875
0 0.16455078125 0.63623046875 0.0283203125 0.033203125
0 0.134765625 0.64453125 0.041015625 0.048828125
0 0.31689453125 0.4599609375 0.029296875 0.046875
0 0.2998046875 0.478515625 0.0322265625 0.044921875
0 0.31201171875 0.50439453125 0.033203125 0.0390625
0 0.3310546875 0.5390625 0.029296875 0.046875
0 0.3037109375 0.55859375 0.03125 0.0390625
0 0.376953125 0.607421875 0.03515625 0.05078125
0 0.3515625 0.62890625 0.0400390625 0.0478515625
0 0.24609375 0.6181640625 0.02734375 0.048828125
0 0.27880859375 0.619140625 0.046875 0.05859375
0 0.26318359375 0.69482421875 0.0322265625 0.03515625
0 0.22900390625 0.697265625 0.0380859375 0.048828125
0 0.1591796875 0.73291015625 0.0390625 0.041015625
0 0.1591796875 0.6953125 0.0322265625 0.0400390625
0 0.189453125 0.66064453125 0.037109375 0.0341796875
0 0.185546875 0.6875 0.03515625 0.03125
0 0.26220703125 0.7490234375 0.0302734375 0.05078125
0 0.29248046875 0.740234375 0.0322265625 0.044921875
0 0.34033203125 0.72216796875 0.04296875 0.0498046875
0 0.3671875 0.73486328125 0.03125 0.044921875
0 0.3564453125 0.79833984375 0.0390625 0.048828125
0 0.3642578125 0.77294921875 0.044921875 0.033203125
0 0.2451171875 0.84326171875 0.03515625 0.044921875
0 0.28271484375 0.876953125 0.0390625 0.052734375
0 0.2529296875 0.88818359375 0.0439453125 0.0478515625
0 0.3759765625 0.91650390625 0.041015625 0.0458984375
0 0.404296875 0.84521484375 0.037109375 0.0498046875
0 0.412109375 0.7958984375 0.0400390625 0.04296875
0 0.4638671875 0.86279296875 0.033203125 0.0380859375
0 0.482421875 0.82080078125 0.025390625 0.0419921875
0 0.458984375 0.8154296875 0.017578125 0.046875
0 0.42431640625 0.91748046875 0.041015625 0.04296875
0 0.48583984375 0.92919921875 0.0361328125 0.0458984375
0 0.45556640625 0.94482421875 0.029296875 0.0439453125
0 0.4951171875 0.62646484375 0.03515625 0.0390625
0 0.47021484375 0.61083984375 0.025390625 0.037109375
0 0.4365234375 0.6328125 0.03125 0.044921875
0 0.45556640625 0.65234375 0.029296875 0.041015625
0 0.48095703125 0.64453125 0.033203125 0.03515625
0 0.4326171875 0.6953125 0.033203125 0.05078125
0 0.48193359375 0.712890625 0.029296875 0.056640625
0 0.46142578125 0.72216796875 0.0361328125 0.05078125
0 0.54443359375 0.640625 0.037109375 0.0439453125
0 0.63134765625 0.6298828125 0.03125 0.0390625
0 0.61474609375 0.640625 0.037109375 0.0390625
0 0.671875 0.67919921875 0.029296875 0.0419921875
0 0.70703125 0.65087890625 0.033203125 0.037109375
0 0.71142578125 0.6083984375 0.037109375 0.0517578125
0 0.62353515625 0.7255859375 0.037109375 0.046875
0 0.685546875 0.74951171875 0.0341796875 0.0546875
0 0.66015625 0.76318359375 0.033203125 0.041015625
0 0.66455078125 0.80615234375 0.033203125 0.044921875
0 0.6318359375 0.837890625 0.03515625 0.0400390625
0 0.6064453125 0.86669921875 0.03515625 0.04296875
0 0.583984375 0.76611328125 0.029296875 0.03125
0 0.54736328125 0.72119140625 0.03515625 0.0380859375
0 0.53857421875 0.75341796875 0.033203125 0.0322265625
0 0.54638671875 0.8779296875 0.03125 0.0390625
0 0.55517578125 0.9140625 0.03125 0.0419921875
0 0.57275390625 0.87841796875 0.0224609375 0.041015625
0 0.59375 0.83349609375 0.025390625 0.02734375
0 0.5927734375 0.796875 0.0224609375 0.0361328125
0 0.5263671875 0.83935546875 0.021484375 0.0390625
0 0.5595703125 0.8134765625 0.0283203125 0.037109375
0 0.52001953125 0.7939453125 0.021484375 0.041015625
0 0.54150390625 0.787109375 0.021484375 0.021484375