0 0.3447265625 0.49169921875 0.0302734375 0.013671875
0 0.345703125 0.57763671875 0.0478515625 0.044921875
0 0.34765625 0.2158203125 0.166015625 0.1083984375
0 0.37890625 0.38525390625 0.2119140625 0.1484375
0 0.37890625 0.69970703125 0.029296875 0.041015625
0 0.38427734375 0.3271484375 0.05078125 0.05078125
0 0.4287109375 0.3359375 0.029296875 0.0263671875
0 0.4296875 0.6845703125 0.32421875 0.125
0 0.4384765625 0.455078125 0.068359375 0.048828125
0 0.45166015625 0.50634765625 0.0498046875 0.04296875
0 0.49658203125 0.25732421875 0.20703125 0.173828125
0 0.51171875 0.38134765625 0.017578125 0.0234375
0 0.5146484375 0.52490234375 0.0556640625 0.04296875
0 0.53857421875 0.61181640625 0.1494140625 0.10546875
0 0.5625 0.45654296875 0.04296875 0.03125
0 0.57861328125 0.43310546875 0.177734375 0.158203125
0 0.57958984375 0.44287109375 0.0283203125 0.0263671875
0 0.58203125 0.59228515625 0.05859375 0.0478515625
0 0.583984375 0.4228515625 0.0205078125 0.0234375
0 0.60205078125 0.47119140625 0.0390625 0.015625
0 0.61376953125 0.23876953125 0.0234375 0.015625
0 0.63720703125 0.21923828125 0.03125 0.0234375
0 0.64013671875 0.64697265625 0.109375 0.09375
0 0.64892578125 0.2978515625 0.138671875 0.109375
0 0.66455078125 0.4931640625 0.0341796875 0.0263671875
0 0.67431640625 0.46142578125 0.1591796875 0.15234375
0 0.7314453125 0.55908203125 0.12890625 0.091796875
0 0.74658203125 0.60693359375 0.0361328125 0.01953125
0 0.7607421875 0.31396484375 0.0986328125 0.09765625
0 0.78759765625 0.47705078125 0.048828125 0.046875
0 0.11474609375 0.5361328125 0.056640625 0.03125
0 0.142578125 0.3642578125 0.19140625 0.220703125
0 0.166015625 0.50634765625 0.0625 0.048828125
0 0.2255859375 0.28759765625 0.07421875 0.0546875
0 0.24951171875 0.447265625 0.052734375 0.037109375
0 0.28369140625 0.486328125 0.271484375 0.224609375
0 0.294921875 0.5341796875 0.0185546875 0.0283203125
0 0.31494140625 0.60791015625 0.279296875 0.171875