0 0.734375 0.7578125 0.037109375 0.03515625
0 0.71044921875 0.68359375 0.05078125 0.0546875
0 0.64892578125 0.65625 0.046875 0.037109375
0 0.6376953125 0.73583984375 0.044921875 0.03125
0 0.59228515625 0.7080078125 0.05078125 0.0390625
0 0.59375 0.7451171875 0.0517578125 0.041015625
0 0.5966796875 0.78173828125 0.04296875 0.0283203125
0 0.61572265625 0.8271484375 0.046875 0.033203125
0 0.66259765625 0.8134765625 0.0458984375 0.033203125
0 0.5439453125 0.85888671875 0.05078125 0.033203125
0 0.8076171875 0.6474609375 0.0517578125 0.037109375
0 0.826171875 0.61767578125 0.04296875 0.0380859375
0 0.76708984375 0.57275390625 0.0458984375 0.0390625
0 0.80224609375 0.515625 0.056640625 0.052734375
0 0.7470703125 0.52490234375 0.0517578125 0.03515625
0 0.72998046875 0.498046875 0.048828125 0.033203125
0 0.7412109375 0.4482421875 0.0546875 0.0322265625
0 0.67529296875 0.48779296875 0.037109375 0.029296875
0 0.64306640625 0.48681640625 0.0390625 0.033203125
0 0.595703125 0.474609375 0.052734375 0.052734375
0 0.634765625 0.4482421875 0.0390625 0.04296875
0 0.677734375 0.45361328125 0.044921875 0.0390625
0 0.68994140625 0.55712890625 0.0400390625 0.025390625
0 0.650390625 0.529296875 0.046875 0.021484375
0 0.61865234375 0.56298828125 0.046875 0.0302734375
0 0.658203125 0.57080078125 0.03515625 0.0390625
0 0.58642578125 0.60107421875 0.03125 0.037109375
0 0.62744140625 0.61279296875 0.041015625 0.025390625
0 0.64111328125 0.59521484375 0.03515625 0.02734375
0 0.6103515625 0.58935546875 0.046875 0.02734375
0 0.65478515625 0.37890625 0.052734375 0.033203125
0 0.62060546875 0.34228515625 0.0556640625 0.03515625
0 0.572265625 0.35498046875 0.046875 0.0390625
0 0.5185546875 0.36328125 0.056640625 0.0400390625
0 0.61376953125 0.39990234375 0.05078125 0.037109375
0 0.56787109375 0.400390625 0.0419921875 0.0390625
0 0.54736328125 0.416015625 0.0458984375 0.03125
0 0.53515625 0.49462890625 0.05078125 0.041015625
0 0.509765625 0.53173828125 0.05078125 0.0361328125
0 0.45654296875 0.3876953125 0.048828125 0.03125
0 0.47265625 0.28662109375 0.046875 0.0341796875
0 0.4560546875 0.33837890625 0.0517578125 0.03125
0 0.45751953125 0.36279296875 0.060546875 0.029296875
0 0.44873046875 0.4638671875 0.0546875 0.033203125
0 0.46142578125 0.48828125 0.044921875 0.0361328125
0 0.42626953125 0.48828125 0.0380859375 0.029296875
0 0.5 0.5751953125 0.0361328125 0.03515625
0 0.46630859375 0.57373046875 0.0341796875 0.0419921875
0 0.42822265625 0.5576171875 0.052734375 0.0400390625
0 0.53759765625 0.64208984375 0.0439453125 0.03515625
0 0.5 0.61767578125 0.046875 0.037109375
0 0.4619140625 0.62646484375 0.0439453125 0.03515625
0 0.52978515625 0.7236328125 0.0400390625 0.03125
0 0.49755859375 0.7412109375 0.0439453125 0.03125
0 0.52197265625 0.77490234375 0.0400390625 0.04296875
0 0.49169921875 0.779296875 0.044921875 0.03515625
0 0.48583984375 0.79833984375 0.0478515625 0.03125
0 0.48583984375 0.8291015625 0.05078125 0.041015625
0 0.43603515625 0.83935546875 0.0478515625 0.0361328125
0 0.42529296875 0.7802734375 0.05078125 0.03515625
0 0.41162109375 0.80908203125 0.0439453125 0.029296875
0 0.3955078125 0.8505859375 0.0341796875 0.02734375
0 0.36376953125 0.83544921875 0.033203125 0.0283203125
0 0.35546875 0.865234375 0.048828125 0.041015625
0 0.5400390625 0.68310546875 0.046875 0.029296875
0 0.521484375 0.7001953125 0.044921875 0.0322265625
0 0.49560546875 0.68798828125 0.0390625 0.033203125
0 0.4609375 0.6689453125 0.046875 0.029296875
0 0.44140625 0.6962890625 0.0390625 0.03125
0 0.392578125 0.623046875 0.05078125 0.03515625
0 0.37109375 0.6484375 0.0478515625 0.0400390625
0 0.3818359375 0.75390625 0.048828125 0.02734375
0 0.380859375 0.72119140625 0.05859375 0.046875
0 0.30517578125 0.73681640625 0.03515625 0.033203125
0 0.302734375 0.77099609375 0.048828125 0.0380859375
0 0.26708984375 0.8408203125 0.041015625 0.0390625
0 0.3046875 0.8408203125 0.0400390625 0.0322265625
0 0.33935546875 0.810546875 0.0341796875 0.037109375
0 0.3125 0.814453125 0.03125 0.03515625
0 0.2509765625 0.73779296875 0.05078125 0.0302734375
0 0.259765625 0.70751953125 0.044921875 0.0322265625
0 0.27783203125 0.65966796875 0.0498046875 0.04296875
0 0.26513671875 0.6328125 0.044921875 0.03125
0 0.20166015625 0.6435546875 0.048828125 0.0390625
0 0.22705078125 0.6357421875 0.033203125 0.044921875
0 0.15673828125 0.7548828125 0.044921875 0.03515625
0 0.123046875 0.71728515625 0.052734375 0.0390625
0 0.11181640625 0.7470703125 0.0478515625 0.0439453125
0 0.08349609375 0.6240234375 0.0458984375 0.041015625
0 0.15478515625 0.595703125 0.0498046875 0.037109375
0 0.2041015625 0.587890625 0.04296875 0.0400390625
0 0.13720703125 0.5361328125 0.0380859375 0.033203125
0 0.17919921875 0.517578125 0.0419921875 0.025390625
0 0.1845703125 0.541015625 0.046875 0.017578125
0 0.08251953125 0.57568359375 0.04296875 0.041015625
0 0.07080078125 0.51416015625 0.0458984375 0.0361328125
0 0.05517578125 0.54443359375 0.0439453125 0.0302734375
0 0.37353515625 0.5048828125 0.0390625 0.03515625
0 0.38916015625 0.52978515625 0.037109375 0.025390625
0 0.3671875 0.5634765625 0.044921875 0.03125
0 0.34765625 0.54443359375 0.041015625 0.029296875
0 0.35546875 0.51904296875 0.03515625 0.033203125
0 0.3046875 0.5673828125 0.05078125 0.033203125
0 0.287109375 0.51806640625 0.056640625 0.029296875
0 0.27783203125 0.53857421875 0.05078125 0.0361328125
0 0.359375 0.45556640625 0.0439453125 0.037109375
0 0.3701171875 0.36865234375 0.0390625 0.03125
0 0.359375 0.38525390625 0.0390625 0.037109375
0 0.32080078125 0.328125 0.0419921875 0.029296875
0 0.34912109375 0.29296875 0.037109375 0.033203125
0 0.3916015625 0.28857421875 0.0517578125 0.037109375
0 0.2744140625 0.37646484375 0.046875 0.037109375
0 0.25048828125 0.314453125 0.0546875 0.0341796875
0 0.23681640625 0.33984375 0.041015625 0.033203125
0 0.19384765625 0.33544921875 0.044921875 0.033203125
0 0.162109375 0.3681640625 0.0400390625 0.03515625
0 0.13330078125 0.3935546875 0.04296875 0.03515625
0 0.23388671875 0.416015625 0.03125 0.029296875
0 0.27880859375 0.45263671875 0.0380859375 0.03515625
0 0.24658203125 0.46142578125 0.0322265625 0.033203125
0 0.1220703125 0.45361328125 0.0390625 0.03125
0 0.0859375 0.44482421875 0.0419921875 0.03125
0 0.12158203125 0.42724609375 0.041015625 0.0224609375
0 0.16650390625 0.40625 0.02734375 0.025390625
0 0.203125 0.4072265625 0.0361328125 0.0224609375
0 0.16064453125 0.4736328125 0.0390625 0.021484375
0 0.1865234375 0.4404296875 0.037109375 0.0283203125
0 0.2060546875 0.47998046875 0.041015625 0.021484375
0 0.212890625 0.45849609375 0.021484375 0.021484375