0 0.82080078125 0.4453125 0.0986328125 0.072265625
0 0.7890625 0.59326171875 0.09375 0.076171875
0 0.83984375 0.513671875 0.0361328125 0.029296875
0 0.666015625 0.60400390625 0.0390625 0.02734375
0 0.630859375 0.62109375 0.015625 0.01171875
0 0.720703125 0.6015625 0.0185546875 0.015625
0 0.7666015625 0.48046875 0.015625 0.01171875
0 0.7197265625 0.486328125 0.0419921875 0.029296875
0 0.6826171875 0.4404296875 0.0390625 0.029296875
0 0.61181640625 0.41552734375 0.037109375 0.03125
0 0.53857421875 0.4189453125 0.0419921875 0.0341796875
0 0.5751953125 0.447265625 0.015625 0.013671875
0 0.564453125 0.4765625 0.017578125 0.015625
0 0.53173828125 0.4814453125 0.01171875 0.009765625
0 0.5859375 0.373046875 0.033203125 0.03125
0 0.6396484375 0.37890625 0.017578125 0.017578125
0 0.517578125 0.5029296875 0.01953125 0.0146484375
0 0.5654296875 0.583984375 0.041015625 0.037109375
0 0.64453125 0.5537109375 0.033203125 0.0283203125
0 0.69189453125 0.53125 0.029296875 0.021484375
0 0.68017578125 0.46435546875 0.0146484375 0.01171875
0 0.53515625 0.525390625 0.05078125 0.0390625
0 0.56884765625 0.50390625 0.013671875 0.0078125
0 0.61376953125 0.4755859375 0.01171875 0.005859375
0 0.775390625 0.50732421875 0.009765625 0.009765625