0 0.34912109375 0.6259765625 0.109375 0.14453125
0 0.4560546875 0.59814453125 0.11328125 0.15234375
0 0.5966796875 0.53564453125 0.1015625 0.138671875
0 0.6845703125 0.56005859375 0.1201171875 0.1796875
0 0.6591796875 0.71728515625 0.13671875 0.169921875
0 0.48779296875 0.7978515625 0.134765625 0.1796875
0 0.60302734375 0.8388671875 0.125 0.140625
0 0.783203125 0.6806640625 0.109375 0.1533203125
0 0.74609375 0.4150390625 0.080078125 0.119140625
0 0.68359375 0.35302734375 0.046875 0.078125
0 0.81689453125 0.3798828125 0.03515625 0.03515625
0 0.65283203125 0.16455078125 0.0283203125 0.07421875
0 0.4169921875 0.4677734375 0.0224609375 0.015625
0 0.4892578125 0.34228515625 0.150390625 0.1533203125
0 0.3828125 0.232421875 0.064453125 0.12890625
0 0.49267578125 0.20751953125 0.1572265625 0.1171875
0 0.529296875 0.15869140625 0.1015625 0.083984375
0 0.5576171875 0.12548828125 0.11328125 0.1328125