0 0.26318359375 0.35693359375 0.0234375 0.013671875
0 0.24072265625 0.3564453125 0.0185546875 0.01171875
0 0.23388671875 0.37744140625 0.0263671875 0.0107421875
0 0.23388671875 0.390625 0.03125 0.017578125
0 0.20751953125 0.3916015625 0.025390625 0.013671875
0 0.26220703125 0.39111328125 0.0234375 0.017578125
0 0.25634765625 0.4072265625 0.0244140625 0.0185546875
0 0.2001953125 0.43310546875 0.02734375 0.0205078125
0 0.228515625 0.4345703125 0.021484375 0.021484375
0 0.3154296875 0.3740234375 0.0146484375 0.01171875
0 0.32470703125 0.3857421875 0.021484375 0.01171875
0 0.32470703125 0.39306640625 0.0234375 0.009765625
0 0.302734375 0.4052734375 0.017578125 0.01171875
0 0.37109375 0.38525390625 0.015625 0.01171875
0 0.43115234375 0.41064453125 0.021484375 0.017578125
0 0.40234375 0.41259765625 0.0234375 0.0185546875
0 0.376953125 0.41357421875 0.0244140625 0.01953125
0 0.36669921875 0.4248046875 0.025390625 0.0166015625
0 0.33447265625 0.4140625 0.0126953125 0.01171875
0 0.3291015625 0.4345703125 0.0205078125 0.015625
0 0.291015625 0.42724609375 0.025390625 0.017578125
0 0.26806640625 0.4267578125 0.0244140625 0.0166015625
0 0.2578125 0.4501953125 0.021484375 0.01171875
0 0.28515625 0.44384765625 0.021484375 0.01953125
0 0.30419921875 0.45849609375 0.01953125 0.0283203125
0 0.33203125 0.46533203125 0.0234375 0.017578125
0 0.35009765625 0.4697265625 0.0234375 0.021484375
0 0.3759765625 0.4453125 0.033203125 0.0234375
0 0.3583984375 0.45263671875 0.017578125 0.0166015625
0 0.46728515625 0.44677734375 0.021484375 0.015625
0 0.41552734375 0.4482421875 0.013671875 0.015625
0 0.42919921875 0.4609375 0.01953125 0.0078125
0 0.46484375 0.5244140625 0.0205078125 0.0146484375
0 0.4482421875 0.48583984375 0.013671875 0.0068359375
0 0.421875 0.5908203125 0.013671875 0.015625
0 0.42236328125 0.4912109375 0.0234375 0.017578125
0 0.4169921875 0.48046875 0.021484375 0.013671875
0 0.400390625 0.474609375 0.013671875 0.015625
0 0.3740234375 0.4736328125 0.015625 0.021484375
0 0.384765625 0.50439453125 0.0234375 0.0185546875
0 0.36181640625 0.50927734375 0.0234375 0.015625
0 0.33447265625 0.50439453125 0.01953125 0.017578125
0 0.31591796875 0.50537109375 0.01953125 0.013671875
0 0.31982421875 0.521484375 0.0185546875 0.017578125
0 0.34130859375 0.53173828125 0.021484375 0.017578125
0 0.361328125 0.53759765625 0.02734375 0.017578125
0 0.40087890625 0.5458984375 0.0205078125 0.017578125
0 0.36572265625 0.5595703125 0.0234375 0.021484375
0 0.36181640625 0.57373046875 0.017578125 0.01171875
0 0.34228515625 0.60498046875 0.015625 0.0205078125
0 0.2900390625 0.55224609375 0.01953125 0.015625
0 0.29638671875 0.5869140625 0.0234375 0.015625
0 0.28466796875 0.57373046875 0.01953125 0.01953125
0 0.3271484375 0.5517578125 0.0322265625 0.025390625
0 0.26953125 0.52978515625 0.044921875 0.033203125
0 0.236328125 0.52392578125 0.0234375 0.017578125
0 0.23681640625 0.51220703125 0.0224609375 0.0146484375
0 0.21923828125 0.48486328125 0.021484375 0.015625
0 0.20849609375 0.4970703125 0.01953125 0.015625
0 0.205078125 0.4755859375 0.021484375 0.01953125
0 0.1884765625 0.49072265625 0.029296875 0.015625
0 0.15771484375 0.48291015625 0.017578125 0.0234375
0 0.21044921875 0.5791015625 0.025390625 0.021484375
0 0.16015625 0.5859375 0.03125 0.0185546875
0 0.21337890625 0.615234375 0.017578125 0.0205078125
0 0.1904296875 0.60302734375 0.03125 0.021484375