0 0.4755859375 0.83447265625 0.017578125 0.033203125
0 0.5595703125 0.86279296875 0.009765625 0.0126953125
0 0.65966796875 0.7431640625 0.03125 0.015625
0 0.630859375 0.60009765625 0.0244140625 0.0576171875
0 0.61474609375 0.60107421875 0.03125 0.056640625
0 0.59765625 0.57958984375 0.01953125 0.0380859375
0 0.5595703125 0.59814453125 0.013671875 0.021484375
0 0.67138671875 0.70068359375 0.029296875 0.0234375
0 0.623046875 0.732421875 0.03125 0.01171875
0 0.64306640625 0.767578125 0.0390625 0.0087890625
0 0.623046875 0.787109375 0.02734375 0.029296875
0 0.62060546875 0.76123046875 0.03515625 0.009765625
0 0.39208984375 0.66552734375 0.0234375 0.0234375
0 0.45263671875 0.5595703125 0.0302734375 0.0419921875
0 0.48193359375 0.62744140625 0.0107421875 0.009765625
0 0.48681640625 0.6650390625 0.009765625 0.013671875
0 0.5126953125 0.7490234375 0.0078125 0.009765625
0 0.50439453125 0.75537109375 0.0078125 0.01171875
0 0.494140625 0.75439453125 0.0087890625 0.01171875
0 0.48291015625 0.7626953125 0.009765625 0.009765625
0 0.50439453125 0.71044921875 0.0087890625 0.0205078125
0 0.48974609375 0.7275390625 0.0068359375 0.01171875
0 0.47607421875 0.73828125 0.009765625 0.017578125
0 0.45556640625 0.759765625 0.0078125 0.015625
0 0.46142578125 0.80126953125 0.0107421875 0.0146484375
0 0.44677734375 0.69873046875 0.0146484375 0.0126953125
0 0.46875 0.67333984375 0.01171875 0.013671875
0 0.4736328125 0.650390625 0.009765625 0.01171875
0 0.44091796875 0.6728515625 0.0078125 0.0087890625
0 0.51953125 0.560546875 0.005859375 0.0087890625
0 0.5654296875 0.6484375 0.0185546875 0.0185546875
0 0.5927734375 0.66015625 0.0078125 0.0078125
0 0.60595703125 0.66064453125 0.01171875 0.01171875
0 0.52099609375 0.6396484375 0.009765625 0.009765625
0 0.53564453125 0.68701171875 0.0048828125 0.009765625
0 0.521484375 0.6748046875 0.009765625 0.0107421875