0 0.64306640625 0.26318359375 0.013671875 0.0234375
0 0.6435546875 0.24072265625 0.01171875 0.0185546875
0 0.62255859375 0.23388671875 0.0107421875 0.0263671875
0 0.609375 0.23388671875 0.017578125 0.03125
0 0.6083984375 0.20751953125 0.013671875 0.025390625
0 0.60888671875 0.26220703125 0.017578125 0.0234375
0 0.5927734375 0.25634765625 0.0185546875 0.0244140625
0 0.56689453125 0.2001953125 0.0205078125 0.02734375
0 0.5654296875 0.228515625 0.021484375 0.021484375
0 0.6259765625 0.3154296875 0.01171875 0.0146484375
0 0.6142578125 0.32470703125 0.01171875 0.021484375
0 0.60693359375 0.32470703125 0.009765625 0.0234375
0 0.5947265625 0.302734375 0.01171875 0.017578125
0 0.61474609375 0.37109375 0.01171875 0.015625
0 0.58935546875 0.43115234375 0.017578125 0.021484375
0 0.58740234375 0.40234375 0.0185546875 0.0234375
0 0.58642578125 0.376953125 0.01953125 0.0244140625
0 0.5751953125 0.36669921875 0.0166015625 0.025390625
0 0.5859375 0.33447265625 0.01171875 0.0126953125
0 0.5654296875 0.3291015625 0.015625 0.0205078125
0 0.57275390625 0.291015625 0.017578125 0.025390625
0 0.5732421875 0.26806640625 0.0166015625 0.0244140625
0 0.5498046875 0.2578125 0.01171875 0.021484375
0 0.55615234375 0.28515625 0.01953125 0.021484375
0 0.54150390625 0.30419921875 0.0283203125 0.01953125
0 0.53466796875 0.33203125 0.017578125 0.0234375
0 0.5302734375 0.35009765625 0.021484375 0.0234375
0 0.5546875 0.3759765625 0.0234375 0.033203125
0 0.54736328125 0.3583984375 0.0166015625 0.017578125
0 0.55322265625 0.46728515625 0.015625 0.021484375
0 0.5517578125 0.41552734375 0.015625 0.013671875
0 0.5390625 0.42919921875 0.0078125 0.01953125
0 0.4755859375 0.46484375 0.0146484375 0.0205078125
0 0.51416015625 0.4482421875 0.0068359375 0.013671875
0 0.4091796875 0.421875 0.015625 0.013671875
0 0.5087890625 0.42236328125 0.017578125 0.0234375
0 0.51953125 0.4169921875 0.013671875 0.021484375
0 0.525390625 0.400390625 0.015625 0.013671875
0 0.5263671875 0.3740234375 0.021484375 0.015625
0 0.49560546875 0.384765625 0.0185546875 0.0234375
0 0.49072265625 0.36181640625 0.015625 0.0234375
0 0.49560546875 0.33447265625 0.017578125 0.01953125
0 0.49462890625 0.31591796875 0.013671875 0.01953125
0 0.478515625 0.31982421875 0.017578125 0.0185546875
0 0.46826171875 0.34130859375 0.017578125 0.021484375
0 0.46240234375 0.361328125 0.017578125 0.02734375
0 0.4541015625 0.40087890625 0.017578125 0.0205078125
0 0.4404296875 0.36572265625 0.021484375 0.0234375
0 0.42626953125 0.36181640625 0.01171875 0.017578125
0 0.39501953125 0.34228515625 0.0205078125 0.015625
0 0.44775390625 0.2900390625 0.015625 0.01953125
0 0.4130859375 0.29638671875 0.015625 0.0234375
0 0.42626953125 0.28466796875 0.01953125 0.01953125
0 0.4482421875 0.3271484375 0.025390625 0.0322265625
0 0.47021484375 0.26953125 0.033203125 0.044921875
0 0.47607421875 0.236328125 0.017578125 0.0234375
0 0.48779296875 0.23681640625 0.0146484375 0.0224609375
0 0.51513671875 0.21923828125 0.015625 0.021484375
0 0.5029296875 0.20849609375 0.015625 0.01953125
0 0.5244140625 0.205078125 0.01953125 0.021484375
0 0.50927734375 0.1884765625 0.015625 0.029296875
0 0.51708984375 0.15771484375 0.0234375 0.017578125
0 0.4208984375 0.21044921875 0.021484375 0.025390625
0 0.4140625 0.16015625 0.0185546875 0.03125
0 0.384765625 0.21337890625 0.0205078125 0.017578125
0 0.39697265625 0.1904296875 0.021484375 0.03125