0 0.4599609375 0.40234375 0.0107421875 0.009765625
0 0.451171875 0.38134765625 0.01953125 0.0234375
0 0.4775390625 0.345703125 0.01953125 0.01171875
0 0.44482421875 0.32421875 0.0126953125 0.013671875
0 0.55419921875 0.3017578125 0.01953125 0.0185546875
0 0.47802734375 0.44677734375 0.015625 0.015625
0 0.5244140625 0.455078125 0.015625 0.01953125
0 0.587890625 0.45849609375 0.015625 0.021484375
0 0.58154296875 0.4111328125 0.0185546875 0.021484375
0 0.61962890625 0.4345703125 0.009765625 0.0087890625
0 0.6748046875 0.4365234375 0.01171875 0.01171875
0 0.50634765625 0.40625 0.134765625 0.146484375
0 0.69873046875 0.3916015625 0.0107421875 0.009765625
0 0.68603515625 0.37060546875 0.0107421875 0.0078125
0 0.671875 0.296875 0.01171875 0.01953125
0 0.68310546875 0.2568359375 0.009765625 0.013671875
0 0.57568359375 0.19873046875 0.009765625 0.009765625
0 0.56201171875 0.169921875 0.029296875 0.033203125
0 0.55712890625 0.20361328125 0.01171875 0.015625
0 0.50244140625 0.2412109375 0.0185546875 0.017578125