0 0.3740234375 0.34912109375 0.14453125 0.109375
0 0.40185546875 0.4560546875 0.15234375 0.11328125
0 0.46435546875 0.5966796875 0.138671875 0.1015625
0 0.43994140625 0.6845703125 0.1796875 0.1201171875
0 0.28271484375 0.6591796875 0.169921875 0.13671875
0 0.2021484375 0.48779296875 0.1796875 0.134765625
0 0.1611328125 0.60302734375 0.140625 0.125
0 0.3193359375 0.783203125 0.1533203125 0.109375
0 0.5849609375 0.74609375 0.119140625 0.080078125
0 0.64697265625 0.68359375 0.078125 0.046875
0 0.6201171875 0.81689453125 0.03515625 0.03515625
0 0.83544921875 0.65283203125 0.07421875 0.0283203125
0 0.5322265625 0.4169921875 0.015625 0.0224609375
0 0.65771484375 0.4892578125 0.1533203125 0.150390625
0 0.767578125 0.3828125 0.12890625 0.064453125
0 0.79248046875 0.49267578125 0.1171875 0.1572265625
0 0.84130859375 0.529296875 0.083984375 0.1015625
0 0.87451171875 0.5576171875 0.1328125 0.11328125