0 0.50830078125 0.78466796875 0.01171875 0.021484375
0 0.37646484375 0.72900390625 0.015625 0.0146484375
0 0.3681640625 0.6513671875 0.009765625 0.013671875
0 0.3994140625 0.58251953125 0.0166015625 0.0234375
0 0.4912109375 0.77490234375 0.013671875 0.01953125
0 0.47509765625 0.75830078125 0.015625 0.017578125
0 0.51123046875 0.71630859375 0.015625 0.01953125
0 0.5087890625 0.67236328125 0.0107421875 0.013671875
0 0.578125 0.50830078125 0.0166015625 0.037109375
0 0.5625 0.4853515625 0.0087890625 0.0205078125
0 0.46044921875 0.54833984375 0.01171875 0.015625
0 0.49658203125 0.66162109375 0.0107421875 0.01171875
0 0.49365234375 0.67236328125 0.013671875 0.013671875