0 0.53173828125 0.75439453125 0.029296875 0.033203125
0 0.4853515625 0.8310546875 0.0322265625 0.03515625
0 0.5048828125 0.748046875 0.044921875 0.052734375
0 0.41796875 0.7236328125 0.0146484375 0.0205078125
0 0.509765625 0.6552734375 0.0126953125 0.025390625
0 0.5390625 0.578125 0.02734375 0.03125
0 0.48828125 0.56689453125 0.033203125 0.0390625
0 0.61376953125 0.62744140625 0.0244140625 0.033203125
0 0.65771484375 0.67041015625 0.01953125 0.01953125
0 0.55908203125 0.49072265625 0.013671875 0.021484375
0 0.54296875 0.51220703125 0.025390625 0.033203125
0 0.56494140625 0.54248046875 0.01171875 0.02734375
0 0.43798828125 0.56396484375 0.0146484375 0.021484375
0 0.6220703125 0.58056640625 0.033203125 0.0302734375