0 0.10009765625 0.3955078125 0.009765625 0.0087890625
0 0.08837890625 0.42529296875 0.013671875 0.0078125
0 0.09033203125 0.435546875 0.013671875 0.013671875
0 0.1025390625 0.47021484375 0.015625 0.0107421875
0 0.138671875 0.4921875 0.0087890625 0.009765625
0 0.1240234375 0.51708984375 0.0185546875 0.013671875
0 0.10888671875 0.53271484375 0.009765625 0.015625
0 0.1279296875 0.54248046875 0.0078125 0.0107421875
0 0.12109375 0.533203125 0.00390625 0.0078125
0 0.1142578125 0.591796875 0.009765625 0.009765625
0 0.13134765625 0.59912109375 0.01171875 0.0078125
0 0.203125 0.63427734375 0.017578125 0.009765625
0 0.21875 0.61474609375 0.009765625 0.0078125
0 0.2724609375 0.64599609375 0.017578125 0.009765625
0 0.24072265625 0.65087890625 0.013671875 0.005859375
0 0.244140625 0.662109375 0.0087890625 0.005859375
0 0.29638671875 0.68115234375 0.0087890625 0.005859375
0 0.3134765625 0.705078125 0.0166015625 0.0078125
0 0.32421875 0.65283203125 0.0166015625 0.0087890625
0 0.29736328125 0.63330078125 0.013671875 0.0087890625
0 0.3212890625 0.60400390625 0.017578125 0.0107421875
0 0.2841796875 0.5859375 0.01171875 0.0078125
0 0.31201171875 0.51318359375 0.013671875 0.009765625
0 0.2470703125 0.48486328125 0.01171875 0.013671875
0 0.2216796875 0.4228515625 0.013671875 0.0078125
0 0.16943359375 0.40576171875 0.013671875 0.01171875
0 0.130859375 0.4130859375 0.013671875 0.009765625
0 0.373046875 0.67431640625 0.0166015625 0.009765625
0 0.3974609375 0.666015625 0.013671875 0.0078125
0 0.39599609375 0.6806640625 0.01171875 0.009765625
0 0.37060546875 0.6220703125 0.01171875 0.009765625
0 0.3837890625 0.62255859375 0.013671875 0.0068359375
0 0.3828125 0.6142578125 0.013671875 0.0087890625
0 0.439453125 0.67822265625 0.0166015625 0.0087890625
0 0.44287109375 0.60888671875 0.01171875 0.0087890625
0 0.44384765625 0.59814453125 0.0146484375 0.009765625
0 0.3916015625 0.55859375 0.01171875 0.0087890625
0 0.40380859375 0.5634765625 0.013671875 0.0078125
0 0.36572265625 0.521484375 0.0078125 0.0087890625
0 0.3701171875 0.50390625 0.013671875 0.009765625
0 0.32421875 0.484375 0.013671875 0.009765625
0 0.31640625 0.4736328125 0.0078125 0.0078125
0 0.33349609375 0.47607421875 0.013671875 0.0078125
0 0.3935546875 0.5263671875 0.01171875 0.0068359375
0 0.41943359375 0.541015625 0.0107421875 0.0078125
0 0.4384765625 0.513671875 0.009765625 0.0078125
0 0.45068359375 0.5126953125 0.0078125 0.0078125
0 0.46484375 0.546875 0.015625 0.009765625
0 0.46875 0.56689453125 0.0205078125 0.0078125
0 0.482421875 0.62939453125 0.0107421875 0.0087890625
0 0.51904296875 0.71728515625 0.013671875 0.0078125
0 0.5498046875 0.70703125 0.0107421875 0.01171875
0 0.5146484375 0.64892578125 0.013671875 0.009765625
0 0.3720703125 0.47412109375 0.01171875 0.009765625
0 0.3447265625 0.45556640625 0.0078125 0.0078125
0 0.2783203125 0.42578125 0.013671875 0.009765625
0 0.23291015625 0.40478515625 0.009765625 0.0078125
0 0.2255859375 0.37939453125 0.0087890625 0.009765625
0 0.2080078125 0.34814453125 0.0078125 0.0078125
0 0.193359375 0.314453125 0.0078125 0.0078125
0 0.20458984375 0.29150390625 0.005859375 0.0078125
0 0.1982421875 0.2734375 0.0107421875 0.0107421875
0 0.1259765625 0.3232421875 0.0078125 0.0078125
0 0.14306640625 0.3212890625 0.0107421875 0.0068359375
0 0.1064453125 0.3330078125 0.009765625 0.0078125
0 0.125 0.3974609375 0.013671875 0.005859375
0 0.15185546875 0.28173828125 0.0107421875 0.01171875
0 0.17138671875 0.2626953125 0.013671875 0.009765625
0 0.21435546875 0.25390625 0.0078125 0.005859375
0 0.23779296875 0.26171875 0.015625 0.0107421875
0 0.2392578125 0.23974609375 0.009765625 0.01171875
0 0.2216796875 0.28662109375 0.013671875 0.0078125
0 0.26416015625 0.2216796875 0.01171875 0.0107421875
0 0.283203125 0.24609375 0.0087890625 0.0087890625
0 0.29638671875 0.25537109375 0.0087890625 0.0126953125
0 0.3203125 0.208984375 0.0087890625 0.009765625
0 0.33447265625 0.20556640625 0.01171875 0.0078125
0 0.326171875 0.2001953125 0.013671875 0.0087890625
0 0.37841796875 0.19482421875 0.0078125 0.0078125
0 0.39111328125 0.1923828125 0.015625 0.0107421875
0 0.41162109375 0.203125 0.013671875 0.009765625
0 0.43505859375 0.181640625 0.0078125 0.009765625
0 0.45654296875 0.17529296875 0.0107421875 0.0078125
0 0.4609375 0.1845703125 0.017578125 0.0087890625
0 0.482421875 0.20068359375 0.0126953125 0.0078125
0 0.49609375 0.189453125 0.01171875 0.0078125
0 0.47607421875 0.234375 0.0107421875 0.0107421875
0 0.51171875 0.2119140625 0.0126953125 0.0078125
0 0.501953125 0.21826171875 0.01171875 0.009765625
0 0.5126953125 0.2294921875 0.0107421875 0.0087890625
0 0.52978515625 0.22314453125 0.015625 0.0078125
0 0.54638671875 0.24365234375 0.015625 0.009765625
0 0.55322265625 0.23583984375 0.013671875 0.009765625
0 0.54638671875 0.23046875 0.013671875 0.0126953125
0 0.56396484375 0.203125 0.01171875 0.0087890625
0 0.55322265625 0.1865234375 0.0087890625 0.0078125
0 0.57958984375 0.19091796875 0.0126953125 0.005859375
0 0.58349609375 0.20751953125 0.013671875 0.0087890625
0 0.58447265625 0.23193359375 0.01171875 0.005859375
0 0.63427734375 0.2451171875 0.0078125 0.01171875
0 0.64892578125 0.26220703125 0.0087890625 0.009765625
0 0.6025390625 0.27197265625 0.013671875 0.009765625
0 0.560546875 0.267578125 0.0166015625 0.01171875
0 0.5556640625 0.27490234375 0.0166015625 0.009765625
0 0.51953125 0.30322265625 0.0126953125 0.0078125
0 0.42626953125 0.25341796875 0.01171875 0.0078125
0 0.4091796875 0.25830078125 0.009765625 0.0078125
0 0.3935546875 0.26708984375 0.01171875 0.0078125
0 0.3779296875 0.2861328125 0.013671875 0.0107421875
0 0.36083984375 0.248046875 0.0078125 0.005859375
0 0.2412109375 0.294921875 0.0078125 0.0087890625
0 0.23583984375 0.306640625 0.01171875 0.005859375
0 0.24755859375 0.35693359375 0.0126953125 0.0078125
0 0.2626953125 0.34765625 0.017578125 0.009765625
0 0.26904296875 0.31201171875 0.01171875 0.0087890625
0 0.26416015625 0.32275390625 0.01171875 0.0087890625
0 0.275390625 0.3232421875 0.009765625 0.0078125
0 0.31201171875 0.3154296875 0.009765625 0.0078125
0 0.3046875 0.3330078125 0.01171875 0.0087890625
0 0.30810546875 0.34228515625 0.0078125 0.0087890625
0 0.28076171875 0.36181640625 0.0078125 0.0078125
0 0.2470703125 0.37890625 0.009765625 0.0068359375
0 0.2578125 0.3720703125 0.009765625 0.0068359375
0 0.2509765625 0.38818359375 0.0087890625 0.005859375
0 0.26953125 0.3916015625 0.009765625 0.0078125
0 0.2734375 0.41015625 0.0107421875 0.0107421875
0 0.28466796875 0.392578125 0.0087890625 0.0107421875
0 0.33154296875 0.322265625 0.01171875 0.0078125
0 0.3291015625 0.357421875 0.0107421875 0.0078125
0 0.31982421875 0.36865234375 0.009765625 0.009765625
0 0.30810546875 0.37744140625 0.009765625 0.0078125
0 0.3056640625 0.39013671875 0.009765625 0.0078125
0 0.3076171875 0.4140625 0.0078125 0.0068359375
0 0.30712890625 0.453125 0.0087890625 0.0068359375
0 0.30224609375 0.46337890625 0.015625 0.009765625
0 0.3173828125 0.4013671875 0.01171875 0.0068359375
0 0.30908203125 0.419921875 0.013671875 0.0087890625
0 0.3154296875 0.427734375 0.009765625 0.009765625
0 0.3212890625 0.43310546875 0.0078125 0.009765625
0 0.34326171875 0.359375 0.005859375 0.005859375
0 0.3486328125 0.3662109375 0.0078125 0.0048828125
0 0.36865234375 0.333984375 0.0087890625 0.005859375
0 0.4189453125 0.279296875 0.0078125 0.005859375
0 0.4306640625 0.298828125 0.0078125 0.005859375
0 0.3994140625 0.32421875 0.0107421875 0.005859375
0 0.40576171875 0.3203125 0.005859375 0.0048828125
0 0.40478515625 0.314453125 0.005859375 0.005859375
0 0.4169921875 0.3134765625 0.005859375 0.005859375
0 0.41650390625 0.306640625 0.005859375 0.005859375
0 0.42431640625 0.30859375 0.01171875 0.0078125
0 0.4287109375 0.330078125 0.0078125 0.0078125
0 0.4208984375 0.34765625 0.009765625 0.0068359375
0 0.42626953125 0.3603515625 0.009765625 0.0068359375
0 0.3837890625 0.353515625 0.009765625 0.0078125
0 0.36962890625 0.3681640625 0.0078125 0.005859375
0 0.3623046875 0.3876953125 0.0107421875 0.0078125
0 0.3369140625 0.3916015625 0.0068359375 0.005859375
0 0.3291015625 0.39794921875 0.0078125 0.005859375
0 0.33203125 0.37939453125 0.005859375 0.005859375
0 0.33154296875 0.41796875 0.0078125 0.005859375
0 0.3330078125 0.42431640625 0.0078125 0.0048828125
0 0.3505859375 0.41357421875 0.009765625 0.005859375
0 0.35205078125 0.42626953125 0.005859375 0.0068359375
0 0.34521484375 0.4423828125 0.005859375 0.0048828125
0 0.32373046875 0.4580078125 0.009765625 0.005859375
0 0.3916015625 0.455078125 0.0078125 0.005859375
0 0.36962890625 0.4150390625 0.00390625 0.0068359375
0 0.39453125 0.37109375 0.005859375 0.0048828125
0 0.3896484375 0.3916015625 0.0068359375 0.005859375
0 0.38427734375 0.40771484375 0.0087890625 0.005859375
0 0.4560546875 0.34228515625 0.0087890625 0.005859375
0 0.4609375 0.35986328125 0.0078125 0.005859375
0 0.5009765625 0.32763671875 0.0078125 0.005859375
0 0.47802734375 0.38232421875 0.009765625 0.0078125
0 0.53515625 0.330078125 0.0078125 0.005859375
0 0.53369140625 0.34130859375 0.0126953125 0.0068359375
0 0.50732421875 0.33984375 0.005859375 0.005859375
0 0.4716796875 0.41357421875 0.009765625 0.0078125
0 0.44287109375 0.3779296875 0.0087890625 0.0068359375
0 0.4326171875 0.37353515625 0.009765625 0.0078125
0 0.41015625 0.380859375 0.00390625 0.005859375
0 0.40625 0.38916015625 0.0048828125 0.005859375
0 0.4111328125 0.3310546875 0.0078125 0.005859375
0 0.38134765625 0.41650390625 0.005859375 0.0078125
0 0.3896484375 0.47900390625 0.009765625 0.005859375
0 0.42529296875 0.4873046875 0.009765625 0.005859375
0 0.4365234375 0.486328125 0.0078125 0.005859375
0 0.43603515625 0.47802734375 0.0107421875 0.009765625
0 0.43994140625 0.46435546875 0.0107421875 0.005859375
0 0.4482421875 0.43115234375 0.009765625 0.005859375
0 0.4619140625 0.4453125 0.0087890625 0.0048828125
0 0.4873046875 0.45361328125 0.01171875 0.0078125
0 0.4677734375 0.45068359375 0.0087890625 0.0068359375
0 0.49609375 0.46826171875 0.0107421875 0.0068359375
0 0.482421875 0.4755859375 0.009765625 0.0078125
0 0.50927734375 0.48486328125 0.009765625 0.0078125
0 0.48583984375 0.50390625 0.009765625 0.005859375
0 0.48193359375 0.50927734375 0.013671875 0.0087890625
0 0.0888671875 0.3427734375 0.009765625 0.0068359375
0 0.1025390625 0.31982421875 0.009765625 0.0078125
0 0.1240234375 0.29296875 0.0087890625 0.0068359375
0 0.1357421875 0.2783203125 0.009765625 0.005859375
0 0.15185546875 0.26416015625 0.005859375 0.0078125
0 0.17236328125 0.24755859375 0.0078125 0.005859375
0 0.19189453125 0.23193359375 0.00390625 0.005859375
0 0.2275390625 0.21875 0.0068359375 0.00390625
0 0.2353515625 0.20849609375 0.009765625 0.0048828125
0 0.251953125 0.203125 0.0087890625 0.00390625
0 0.29345703125 0.19189453125 0.0107421875 0.005859375
0 0.4052734375 0.4365234375 0.009765625 0.005859375
0 0.40185546875 0.408203125 0.01171875 0.0078125
0 0.3857421875 0.42041015625 0.0087890625 0.0078125
0 0.39892578125 0.4248046875 0.009765625 0.005859375
0 0.4111328125 0.43017578125 0.009765625 0.0068359375
0 0.43017578125 0.4248046875 0.0087890625 0.0078125
0 0.4365234375 0.42236328125 0.0087890625 0.0078125
0 0.42431640625 0.41259765625 0.009765625 0.0068359375
0 0.43701171875 0.400390625 0.0107421875 0.005859375
0 0.43115234375 0.40673828125 0.0146484375 0.0078125
0 0.42431640625 0.38916015625 0.0087890625 0.005859375
0 0.427734375 0.380859375 0.013671875 0.0087890625
0 0.51513671875 0.3505859375 0.0087890625 0.005859375
0 0.52294921875 0.345703125 0.009765625 0.0078125
0 0.5869140625 0.3525390625 0.01171875 0.005859375
0 0.595703125 0.3544921875 0.009765625 0.005859375
0 0.61962890625 0.35107421875 0.0087890625 0.0078125
0 0.61328125 0.35693359375 0.0107421875 0.0078125
0 0.63720703125 0.37255859375 0.009765625 0.005859375
0 0.6669921875 0.34619140625 0.0087890625 0.0068359375
0 0.6845703125 0.33935546875 0.009765625 0.0068359375
0 0.71044921875 0.353515625 0.009765625 0.0078125
0 0.671875 0.37548828125 0.009765625 0.009765625
0 0.69091796875 0.41552734375 0.0087890625 0.0078125
0 0.62890625 0.43701171875 0.01171875 0.0078125
0 0.5859375 0.4541015625 0.0126953125 0.01171875
0 0.5732421875 0.47802734375 0.01171875 0.0078125
0 0.53369140625 0.5283203125 0.0107421875 0.009765625
0 0.57568359375 0.5029296875 0.0078125 0.0078125
0 0.58349609375 0.521484375 0.009765625 0.009765625
0 0.53759765625 0.59765625 0.01171875 0.0068359375
0 0.54931640625 0.59375 0.009765625 0.009765625
0 0.5546875 0.5869140625 0.0078125 0.0078125
0 0.56640625 0.57666015625 0.009765625 0.009765625
0 0.58837890625 0.5556640625 0.0078125 0.005859375
0 0.55908203125 0.6240234375 0.0078125 0.0078125
0 0.52978515625 0.62109375 0.0068359375 0.005859375
0 0.58203125 0.60302734375 0.0078125 0.005859375
0 0.59912109375 0.5810546875 0.0068359375 0.0078125
0 0.62744140625 0.580078125 0.0078125 0.0078125
0 0.63232421875 0.599609375 0.009765625 0.0078125
0 0.6435546875 0.64404296875 0.0068359375 0.005859375
0 0.6064453125 0.6611328125 0.0078125 0.0078125
0 0.60009765625 0.67041015625 0.005859375 0.005859375
0 0.59521484375 0.66552734375 0.0068359375 0.005859375
0 0.63037109375 0.71484375 0.0087890625 0.0068359375
0 0.646484375 0.712890625 0.009765625 0.005859375
0 0.66650390625 0.69775390625 0.0078125 0.0068359375
0 0.74609375 0.662109375 0.009765625 0.0068359375
0 0.73193359375 0.6669921875 0.009765625 0.0078125
0 0.73828125 0.65283203125 0.013671875 0.0107421875
0 0.72705078125 0.6298828125 0.015625 0.0107421875
0 0.68896484375 0.6396484375 0.009765625 0.0078125
0 0.7177734375 0.60693359375 0.009765625 0.0078125
0 0.751953125 0.615234375 0.0107421875 0.0078125
0 0.7490234375 0.638671875 0.009765625 0.005859375
0 0.7568359375 0.587890625 0.01171875 0.005859375
0 0.76416015625 0.60009765625 0.0087890625 0.005859375
0 0.7841796875 0.580078125 0.0087890625 0.005859375
0 0.7216796875 0.57421875 0.0107421875 0.0078125
0 0.716796875 0.53759765625 0.0078125 0.0068359375
0 0.72509765625 0.5400390625 0.009765625 0.0078125
0 0.75927734375 0.55078125 0.0078125 0.005859375
0 0.7998046875 0.57763671875 0.009765625 0.0078125
0 0.79736328125 0.6025390625 0.0078125 0.0087890625
0 0.69091796875 0.5947265625 0.0087890625 0.005859375
0 0.66064453125 0.564453125 0.0078125 0.009765625
0 0.634765625 0.54736328125 0.009765625 0.005859375
0 0.61474609375 0.5400390625 0.009765625 0.01171875
0 0.59765625 0.53564453125 0.0068359375 0.0068359375
0 0.62451171875 0.53271484375 0.009765625 0.0087890625
0 0.63671875 0.51806640625 0.009765625 0.0078125
0 0.646484375 0.505859375 0.01171875 0.01171875
0 0.66064453125 0.5263671875 0.009765625 0.009765625
0 0.67626953125 0.50244140625 0.01171875 0.0087890625
0 0.677734375 0.48974609375 0.01171875 0.0087890625
0 0.6630859375 0.47265625 0.009765625 0.005859375
0 0.65673828125 0.46044921875 0.009765625 0.0078125
0 0.697265625 0.4541015625 0.0068359375 0.0078125
0 0.70556640625 0.46875 0.01171875 0.01171875
0 0.708984375 0.45458984375 0.01171875 0.0078125
0 0.70361328125 0.4462890625 0.009765625 0.005859375
0 0.75439453125 0.51220703125 0.01171875 0.009765625
0 0.72412109375 0.48681640625 0.0078125 0.0078125
0 0.7412109375 0.47509765625 0.009765625 0.0048828125
0 0.7490234375 0.44580078125 0.005859375 0.0078125
0 0.7529296875 0.4580078125 0.0068359375 0.009765625
0 0.77099609375 0.45263671875 0.005859375 0.0078125
0 0.8134765625 0.466796875 0.0087890625 0.0078125
0 0.81494140625 0.44189453125 0.0068359375 0.0078125
0 0.78955078125 0.41796875 0.0078125 0.009765625
0 0.83447265625 0.42822265625 0.005859375 0.0068359375
0 0.837890625 0.50146484375 0.009765625 0.0087890625
0 0.837890625 0.52099609375 0.005859375 0.0078125