0 0.123046875 0.53515625 0.0146484375 0.01171875
0 0.138671875 0.46826171875 0.01171875 0.009765625
0 0.17041015625 0.4873046875 0.0078125 0.009765625
0 0.17333984375 0.55810546875 0.0107421875 0.01171875
0 0.154296875 0.57861328125 0.0126953125 0.009765625
0 0.1279296875 0.57666015625 0.00390625 0.0107421875
0 0.1640625 0.6015625 0.009765625 0.01171875
0 0.1806640625 0.6201171875 0.009765625 0.0078125
0 0.205078125 0.65380859375 0.009765625 0.0087890625
0 0.1884765625 0.66064453125 0.009765625 0.0078125
0 0.189453125 0.689453125 0.009765625 0.0078125
0 0.15673828125 0.70703125 0.005859375 0.0078125
0 0.1298828125 0.68798828125 0.015625 0.0078125
0 0.26611328125 0.7529296875 0.01171875 0.005859375
0 0.2626953125 0.73388671875 0.0107421875 0.00390625
0 0.3056640625 0.7373046875 0.009765625 0.013671875
0 0.2890625 0.69384765625 0.01171875 0.009765625
0 0.29296875 0.64453125 0.0126953125 0.0078125
0 0.22509765625 0.6435546875 0.0078125 0.0048828125
0 0.23779296875 0.681640625 0.0078125 0.0078125
0 0.24951171875 0.6884765625 0.005859375 0.005859375
0 0.2568359375 0.677734375 0.005859375 0.005859375
0 0.22216796875 0.572265625 0.0107421875 0.005859375
0 0.1796875 0.45361328125 0.009765625 0.0078125
0 0.25 0.49609375 0.0078125 0.005859375
0 0.2646484375 0.53955078125 0.005859375 0.005859375
0 0.2724609375 0.53662109375 0.009765625 0.005859375
0 0.2333984375 0.44677734375 0.0078125 0.0087890625
0 0.1982421875 0.3896484375 0.009765625 0.0078125
0 0.19140625 0.3154296875 0.009765625 0.01171875
0 0.23583984375 0.373046875 0.0087890625 0.0068359375
0 0.265625 0.39599609375 0.009765625 0.0068359375
0 0.2470703125 0.40869140625 0.0107421875 0.0078125
0 0.25439453125 0.4189453125 0.013671875 0.0107421875
0 0.333984375 0.7158203125 0.0107421875 0.0068359375
0 0.3544921875 0.70263671875 0.013671875 0.0078125
0 0.3740234375 0.67431640625 0.0087890625 0.005859375
0 0.400390625 0.63671875 0.009765625 0.005859375
0 0.44921875 0.74658203125 0.009765625 0.0078125
0 0.541015625 0.72802734375 0.0107421875 0.0068359375
0 0.59228515625 0.7412109375 0.0087890625 0.005859375
0 0.5830078125 0.70703125 0.009765625 0.009765625
0 0.68994140625 0.60546875 0.01171875 0.0078125
0 0.5478515625 0.6142578125 0.009765625 0.005859375
0 0.5322265625 0.607421875 0.015625 0.01171875
0 0.5048828125 0.56982421875 0.0126953125 0.005859375
0 0.45166015625 0.55712890625 0.009765625 0.005859375
0 0.41943359375 0.54443359375 0.0107421875 0.005859375
0 0.32958984375 0.546875 0.005859375 0.0078125
0 0.34423828125 0.5302734375 0.009765625 0.0068359375
0 0.36669921875 0.50634765625 0.01171875 0.005859375
0 0.37890625 0.47900390625 0.01171875 0.00390625
0 0.37548828125 0.46435546875 0.0078125 0.0078125
0 0.35791015625 0.47802734375 0.01171875 0.0078125
0 0.40087890625 0.4599609375 0.01171875 0.0078125
0 0.3857421875 0.42138671875 0.0087890625 0.0068359375
0 0.36328125 0.42578125 0.0107421875 0.0078125
0 0.3701171875 0.3984375 0.0107421875 0.005859375
0 0.38232421875 0.38818359375 0.0078125 0.0078125
0 0.4013671875 0.37548828125 0.0078125 0.005859375
0 0.31884765625 0.404296875 0.009765625 0.0078125
0 0.27978515625 0.310546875 0.009765625 0.0078125
0 0.3076171875 0.30224609375 0.0087890625 0.005859375
0 0.3271484375 0.37451171875 0.005859375 0.0068359375
0 0.33349609375 0.373046875 0.01171875 0.0078125
0 0.33203125 0.365234375 0.009765625 0.009765625
0 0.3505859375 0.2763671875 0.009765625 0.005859375
0 0.33984375 0.25390625 0.0087890625 0.0078125
0 0.3857421875 0.24609375 0.01171875 0.0087890625
0 0.39501953125 0.29150390625 0.01171875 0.005859375
0 0.36572265625 0.33447265625 0.0078125 0.0078125
0 0.40625 0.3369140625 0.0087890625 0.005859375
0 0.41845703125 0.34130859375 0.009765625 0.009765625
0 0.42724609375 0.39892578125 0.013671875 0.009765625
0 0.4423828125 0.43896484375 0.009765625 0.005859375
0 0.455078125 0.45361328125 0.009765625 0.0078125
0 0.47607421875 0.31298828125 0.0078125 0.0078125
0 0.4873046875 0.3115234375 0.0087890625 0.0078125
0 0.50146484375 0.3076171875 0.009765625 0.009765625
0 0.5009765625 0.29296875 0.0126953125 0.009765625
0 0.474609375 0.3837890625 0.01171875 0.0078125
0 0.49169921875 0.40576171875 0.013671875 0.0078125
0 0.48583984375 0.427734375 0.009765625 0.0068359375
0 0.47705078125 0.45361328125 0.0087890625 0.0078125
0 0.51416015625 0.375 0.009765625 0.005859375
0 0.541015625 0.3642578125 0.0107421875 0.0087890625
0 0.552734375 0.37646484375 0.0126953125 0.0078125
0 0.54931640625 0.41943359375 0.013671875 0.0078125
0 0.49853515625 0.48486328125 0.009765625 0.0078125
0 0.5361328125 0.541015625 0.0107421875 0.0078125
0 0.5830078125 0.5693359375 0.0126953125 0.0107421875
0 0.6103515625 0.5810546875 0.009765625 0.0078125
0 0.62255859375 0.56982421875 0.0107421875 0.005859375
0 0.65625 0.5029296875 0.01171875 0.005859375
0 0.6376953125 0.4052734375 0.0126953125 0.009765625
0 0.669921875 0.49365234375 0.0126953125 0.0087890625
0 0.6533203125 0.49462890625 0.013671875 0.0087890625
0 0.7451171875 0.490234375 0.01171875 0.009765625
0 0.720703125 0.470703125 0.0107421875 0.01171875
0 0.6845703125 0.4619140625 0.0146484375 0.009765625
0 0.70556640625 0.44677734375 0.01171875 0.0107421875
0 0.70361328125 0.42333984375 0.0146484375 0.009765625