0 0.6455078125 0.19189453125 0.0126953125 0.013671875
0 0.5341796875 0.2724609375 0.013671875 0.0087890625
0 0.57470703125 0.26806640625 0.013671875 0.009765625
0 0.6494140625 0.31298828125 0.013671875 0.009765625
0 0.68310546875 0.31787109375 0.013671875 0.009765625
0 0.65869140625 0.32958984375 0.0126953125 0.0068359375
0 0.73876953125 0.41796875 0.013671875 0.005859375
0 0.6845703125 0.537109375 0.013671875 0.0078125
0 0.60498046875 0.4755859375 0.013671875 0.009765625
0 0.5771484375 0.50634765625 0.009765625 0.01171875
0 0.5595703125 0.50390625 0.0126953125 0.0087890625
0 0.5263671875 0.5185546875 0.013671875 0.0078125
0 0.42578125 0.3291015625 0.0126953125 0.0087890625
0 0.3671875 0.35791015625 0.015625 0.01171875
0 0.275390625 0.3984375 0.009765625 0.009765625
0 0.38427734375 0.44775390625 0.01171875 0.0068359375
0 0.3896484375 0.47509765625 0.005859375 0.0068359375
0 0.32177734375 0.4794921875 0.015625 0.0087890625
0 0.40869140625 0.65869140625 0.0126953125 0.01171875
0 0.3115234375 0.64501953125 0.013671875 0.0126953125
0 0.2744140625 0.5888671875 0.01171875 0.0078125
0 0.28271484375 0.6083984375 0.0078125 0.009765625
0 0.30859375 0.55224609375 0.017578125 0.0087890625
0 0.26953125 0.54931640625 0.015625 0.01171875
0 0.27490234375 0.49072265625 0.0126953125 0.0087890625
0 0.166015625 0.43505859375 0.013671875 0.009765625
0 0.25341796875 0.296875 0.013671875 0.009765625
0 0.17236328125 0.30322265625 0.013671875 0.009765625
0 0.12451171875 0.33447265625 0.013671875 0.0078125