0 0.52490234375 0.19091796875 0.044921875 0.044921875
0 0.53564453125 0.23974609375 0.01171875 0.015625
0 0.5400390625 0.26171875 0.0078125 0.015625
0 0.56494140625 0.271484375 0.009765625 0.013671875
0 0.6357421875 0.259765625 0.02734375 0.02734375
0 0.6494140625 0.46728515625 0.0361328125 0.015625
0 0.63671875 0.4423828125 0.0185546875 0.009765625
0 0.62939453125 0.4541015625 0.017578125 0.0126953125
0 0.64990234375 0.39453125 0.0224609375 0.017578125
0 0.6357421875 0.35302734375 0.021484375 0.025390625
0 0.58740234375 0.326171875 0.015625 0.017578125
0 0.57568359375 0.3623046875 0.013671875 0.0166015625
0 0.54150390625 0.36328125 0.0107421875 0.0146484375
0 0.572265625 0.30078125 0.013671875 0.03125
0 0.56103515625 0.3017578125 0.013671875 0.0341796875
0 0.51220703125 0.26220703125 0.0068359375 0.009765625
0 0.5234375 0.23681640625 0.0166015625 0.02734375
0 0.525390625 0.3037109375 0.0126953125 0.0146484375
0 0.5205078125 0.3388671875 0.021484375 0.0341796875
0 0.5078125 0.34326171875 0.0234375 0.02734375
0 0.478515625 0.28369140625 0.015625 0.0234375
0 0.4873046875 0.2802734375 0.015625 0.029296875
0 0.4853515625 0.31103515625 0.017578125 0.01171875
0 0.447265625 0.2451171875 0.0126953125 0.01953125
0 0.439453125 0.2841796875 0.01171875 0.015625
0 0.39794921875 0.4443359375 0.013671875 0.013671875
0 0.42578125 0.4140625 0.0185546875 0.03515625
0 0.4521484375 0.44921875 0.009765625 0.009765625
0 0.47509765625 0.44140625 0.015625 0.015625
0 0.50048828125 0.41748046875 0.0107421875 0.0126953125
0 0.48046875 0.38623046875 0.013671875 0.0146484375
0 0.58154296875 0.53759765625 0.009765625 0.02734375
0 0.56005859375 0.51708984375 0.009765625 0.0400390625
0 0.52197265625 0.56201171875 0.0146484375 0.015625
0 0.49560546875 0.55517578125 0.01171875 0.013671875
0 0.486328125 0.52392578125 0.005859375 0.0107421875
0 0.423828125 0.314453125 0.01171875 0.0078125
0 0.42919921875 0.32763671875 0.0107421875 0.005859375
0 0.43798828125 0.3154296875 0.01171875 0.0078125
0 0.4287109375 0.30029296875 0.015625 0.017578125
0 0.447265625 0.30224609375 0.013671875 0.0166015625
0 0.52001953125 0.40283203125 0.009765625 0.0078125
0 0.60205078125 0.3779296875 0.0078125 0.009765625