0 0.59765625 0.5400390625 0.009765625 0.0107421875
0 0.61865234375 0.548828125 0.0234375 0.01953125
0 0.654296875 0.5224609375 0.01171875 0.01953125
0 0.67578125 0.55517578125 0.013671875 0.0126953125
0 0.6982421875 0.44580078125 0.0185546875 0.01953125
0 0.55322265625 0.52197265625 0.015625 0.015625
0 0.544921875 0.4755859375 0.01953125 0.015625
0 0.54150390625 0.412109375 0.021484375 0.015625
0 0.5888671875 0.41845703125 0.021484375 0.0185546875
0 0.5654296875 0.38037109375 0.0087890625 0.009765625
0 0.5634765625 0.3251953125 0.01171875 0.01171875
0 0.59375 0.49365234375 0.146484375 0.134765625
0 0.6083984375 0.30126953125 0.009765625 0.0107421875
0 0.62939453125 0.31396484375 0.0078125 0.0107421875
0 0.703125 0.328125 0.01953125 0.01171875
0 0.7431640625 0.31689453125 0.013671875 0.009765625
0 0.80126953125 0.42431640625 0.009765625 0.009765625
0 0.830078125 0.43798828125 0.033203125 0.029296875
0 0.79638671875 0.44287109375 0.015625 0.01171875
0 0.7587890625 0.49755859375 0.017578125 0.017578125