0 0.89990234375 0.6044921875 0.009765625 0.0087890625
0 0.91162109375 0.57470703125 0.013671875 0.0078125
0 0.90966796875 0.564453125 0.013671875 0.013671875
0 0.8974609375 0.52978515625 0.015625 0.0107421875
0 0.861328125 0.5078125 0.0087890625 0.009765625
0 0.8759765625 0.48291015625 0.0185546875 0.013671875
0 0.89111328125 0.46728515625 0.009765625 0.015625
0 0.8720703125 0.45751953125 0.0078125 0.0107421875
0 0.87890625 0.466796875 0.00390625 0.0078125
0 0.8857421875 0.408203125 0.009765625 0.009765625
0 0.86865234375 0.40087890625 0.01171875 0.0078125
0 0.796875 0.36572265625 0.017578125 0.009765625
0 0.78125 0.38525390625 0.009765625 0.0078125
0 0.7275390625 0.35400390625 0.017578125 0.009765625
0 0.75927734375 0.34912109375 0.013671875 0.005859375
0 0.755859375 0.337890625 0.0087890625 0.005859375
0 0.70361328125 0.31884765625 0.0087890625 0.005859375
0 0.6865234375 0.294921875 0.0166015625 0.0078125
0 0.67578125 0.34716796875 0.0166015625 0.0087890625
0 0.70263671875 0.36669921875 0.013671875 0.0087890625
0 0.6787109375 0.39599609375 0.017578125 0.0107421875
0 0.7158203125 0.4140625 0.01171875 0.0078125
0 0.68798828125 0.48681640625 0.013671875 0.009765625
0 0.7529296875 0.51513671875 0.01171875 0.013671875
0 0.7783203125 0.5771484375 0.013671875 0.0078125
0 0.83056640625 0.59423828125 0.013671875 0.01171875
0 0.869140625 0.5869140625 0.013671875 0.009765625
0 0.626953125 0.32568359375 0.0166015625 0.009765625
0 0.6025390625 0.333984375 0.013671875 0.0078125
0 0.60400390625 0.3193359375 0.01171875 0.009765625
0 0.62939453125 0.3779296875 0.01171875 0.009765625
0 0.6162109375 0.37744140625 0.013671875 0.0068359375
0 0.6171875 0.3857421875 0.013671875 0.0087890625
0 0.560546875 0.32177734375 0.0166015625 0.0087890625
0 0.55712890625 0.39111328125 0.01171875 0.0087890625
0 0.55615234375 0.40185546875 0.0146484375 0.009765625
0 0.6083984375 0.44140625 0.01171875 0.0087890625
0 0.59619140625 0.4365234375 0.013671875 0.0078125
0 0.63427734375 0.478515625 0.0078125 0.0087890625
0 0.6298828125 0.49609375 0.013671875 0.009765625
0 0.67578125 0.515625 0.013671875 0.009765625
0 0.68359375 0.5263671875 0.0078125 0.0078125
0 0.66650390625 0.52392578125 0.013671875 0.0078125
0 0.6064453125 0.4736328125 0.01171875 0.0068359375
0 0.58056640625 0.458984375 0.0107421875 0.0078125
0 0.5615234375 0.486328125 0.009765625 0.0078125
0 0.54931640625 0.4873046875 0.0078125 0.0078125
0 0.53515625 0.453125 0.015625 0.009765625
0 0.53125 0.43310546875 0.0205078125 0.0078125
0 0.517578125 0.37060546875 0.0107421875 0.0087890625
0 0.48095703125 0.28271484375 0.013671875 0.0078125
0 0.4501953125 0.29296875 0.0107421875 0.01171875
0 0.4853515625 0.35107421875 0.013671875 0.009765625
0 0.6279296875 0.52587890625 0.01171875 0.009765625
0 0.6552734375 0.54443359375 0.0078125 0.0078125
0 0.7216796875 0.57421875 0.013671875 0.009765625
0 0.76708984375 0.59521484375 0.009765625 0.0078125
0 0.7744140625 0.62060546875 0.0087890625 0.009765625
0 0.7919921875 0.65185546875 0.0078125 0.0078125
0 0.806640625 0.685546875 0.0078125 0.0078125
0 0.79541015625 0.70849609375 0.005859375 0.0078125
0 0.8017578125 0.7265625 0.0107421875 0.0107421875
0 0.8740234375 0.6767578125 0.0078125 0.0078125
0 0.85693359375 0.6787109375 0.0107421875 0.0068359375
0 0.8935546875 0.6669921875 0.009765625 0.0078125
0 0.875 0.6025390625 0.013671875 0.005859375
0 0.84814453125 0.71826171875 0.0107421875 0.01171875
0 0.82861328125 0.7373046875 0.013671875 0.009765625
0 0.78564453125 0.74609375 0.0078125 0.005859375
0 0.76220703125 0.73828125 0.015625 0.0107421875
0 0.7607421875 0.76025390625 0.009765625 0.01171875
0 0.7783203125 0.71337890625 0.013671875 0.0078125
0 0.73583984375 0.7783203125 0.01171875 0.0107421875
0 0.716796875 0.75390625 0.0087890625 0.0087890625
0 0.70361328125 0.74462890625 0.0087890625 0.0126953125
0 0.6796875 0.791015625 0.0087890625 0.009765625
0 0.66552734375 0.79443359375 0.01171875 0.0078125
0 0.673828125 0.7998046875 0.013671875 0.0087890625
0 0.62158203125 0.80517578125 0.0078125 0.0078125
0 0.60888671875 0.8076171875 0.015625 0.0107421875
0 0.58837890625 0.796875 0.013671875 0.009765625
0 0.56494140625 0.818359375 0.0078125 0.009765625
0 0.54345703125 0.82470703125 0.0107421875 0.0078125
0 0.5390625 0.8154296875 0.017578125 0.0087890625
0 0.517578125 0.79931640625 0.0126953125 0.0078125
0 0.50390625 0.810546875 0.01171875 0.0078125
0 0.52392578125 0.765625 0.0107421875 0.0107421875
0 0.48828125 0.7880859375 0.0126953125 0.0078125
0 0.498046875 0.78173828125 0.01171875 0.009765625
0 0.4873046875 0.7705078125 0.0107421875 0.0087890625
0 0.47021484375 0.77685546875 0.015625 0.0078125
0 0.45361328125 0.75634765625 0.015625 0.009765625
0 0.44677734375 0.76416015625 0.013671875 0.009765625
0 0.45361328125 0.76953125 0.013671875 0.0126953125
0 0.43603515625 0.796875 0.01171875 0.0087890625
0 0.44677734375 0.8134765625 0.0087890625 0.0078125
0 0.42041015625 0.80908203125 0.0126953125 0.005859375
0 0.41650390625 0.79248046875 0.013671875 0.0087890625
0 0.41552734375 0.76806640625 0.01171875 0.005859375
0 0.36572265625 0.7548828125 0.0078125 0.01171875
0 0.35107421875 0.73779296875 0.0087890625 0.009765625
0 0.3974609375 0.72802734375 0.013671875 0.009765625
0 0.439453125 0.732421875 0.0166015625 0.01171875
0 0.4443359375 0.72509765625 0.0166015625 0.009765625
0 0.48046875 0.69677734375 0.0126953125 0.0078125
0 0.57373046875 0.74658203125 0.01171875 0.0078125
0 0.5908203125 0.74169921875 0.009765625 0.0078125
0 0.6064453125 0.73291015625 0.01171875 0.0078125
0 0.6220703125 0.7138671875 0.013671875 0.0107421875
0 0.63916015625 0.751953125 0.0078125 0.005859375
0 0.7587890625 0.705078125 0.0078125 0.0087890625
0 0.76416015625 0.693359375 0.01171875 0.005859375
0 0.75244140625 0.64306640625 0.0126953125 0.0078125
0 0.7373046875 0.65234375 0.017578125 0.009765625
0 0.73095703125 0.68798828125 0.01171875 0.0087890625
0 0.73583984375 0.67724609375 0.01171875 0.0087890625
0 0.724609375 0.6767578125 0.009765625 0.0078125
0 0.68798828125 0.6845703125 0.009765625 0.0078125
0 0.6953125 0.6669921875 0.01171875 0.0087890625
0 0.69189453125 0.65771484375 0.0078125 0.0087890625
0 0.71923828125 0.63818359375 0.0078125 0.0078125
0 0.7529296875 0.62109375 0.009765625 0.0068359375
0 0.7421875 0.6279296875 0.009765625 0.0068359375
0 0.7490234375 0.61181640625 0.0087890625 0.005859375
0 0.73046875 0.6083984375 0.009765625 0.0078125
0 0.7265625 0.58984375 0.0107421875 0.0107421875
0 0.71533203125 0.607421875 0.0087890625 0.0107421875
0 0.66845703125 0.677734375 0.01171875 0.0078125
0 0.6708984375 0.642578125 0.0107421875 0.0078125
0 0.68017578125 0.63134765625 0.009765625 0.009765625
0 0.69189453125 0.62255859375 0.009765625 0.0078125
0 0.6943359375 0.60986328125 0.009765625 0.0078125
0 0.6923828125 0.5859375 0.0078125 0.0068359375
0 0.69287109375 0.546875 0.0087890625 0.0068359375
0 0.69775390625 0.53662109375 0.015625 0.009765625
0 0.6826171875 0.5986328125 0.01171875 0.0068359375
0 0.69091796875 0.580078125 0.013671875 0.0087890625
0 0.6845703125 0.572265625 0.009765625 0.009765625
0 0.6787109375 0.56689453125 0.0078125 0.009765625
0 0.65673828125 0.640625 0.005859375 0.005859375
0 0.6513671875 0.6337890625 0.0078125 0.0048828125
0 0.63134765625 0.666015625 0.0087890625 0.005859375
0 0.5810546875 0.720703125 0.0078125 0.005859375
0 0.5693359375 0.701171875 0.0078125 0.005859375
0 0.6005859375 0.67578125 0.0107421875 0.005859375
0 0.59423828125 0.6796875 0.005859375 0.0048828125
0 0.59521484375 0.685546875 0.005859375 0.005859375
0 0.5830078125 0.6865234375 0.005859375 0.005859375
0 0.58349609375 0.693359375 0.005859375 0.005859375
0 0.57568359375 0.69140625 0.01171875 0.0078125
0 0.5712890625 0.669921875 0.0078125 0.0078125
0 0.5791015625 0.65234375 0.009765625 0.0068359375
0 0.57373046875 0.6396484375 0.009765625 0.0068359375
0 0.6162109375 0.646484375 0.009765625 0.0078125
0 0.63037109375 0.6318359375 0.0078125 0.005859375
0 0.6376953125 0.6123046875 0.0107421875 0.0078125
0 0.6630859375 0.6083984375 0.0068359375 0.005859375
0 0.6708984375 0.60205078125 0.0078125 0.005859375
0 0.66796875 0.62060546875 0.005859375 0.005859375
0 0.66845703125 0.58203125 0.0078125 0.005859375
0 0.6669921875 0.57568359375 0.0078125 0.0048828125
0 0.6494140625 0.58642578125 0.009765625 0.005859375
0 0.64794921875 0.57373046875 0.005859375 0.0068359375
0 0.65478515625 0.5576171875 0.005859375 0.0048828125
0 0.67626953125 0.5419921875 0.009765625 0.005859375
0 0.6083984375 0.544921875 0.0078125 0.005859375
0 0.63037109375 0.5849609375 0.00390625 0.0068359375
0 0.60546875 0.62890625 0.005859375 0.0048828125
0 0.6103515625 0.6083984375 0.0068359375 0.005859375
0 0.61572265625 0.59228515625 0.0087890625 0.005859375
0 0.5439453125 0.65771484375 0.0087890625 0.005859375
0 0.5390625 0.64013671875 0.0078125 0.005859375
0 0.4990234375 0.67236328125 0.0078125 0.005859375
0 0.52197265625 0.61767578125 0.009765625 0.0078125
0 0.46484375 0.669921875 0.0078125 0.005859375
0 0.46630859375 0.65869140625 0.0126953125 0.0068359375
0 0.49267578125 0.66015625 0.005859375 0.005859375
0 0.5283203125 0.58642578125 0.009765625 0.0078125
0 0.55712890625 0.6220703125 0.0087890625 0.0068359375
0 0.5673828125 0.62646484375 0.009765625 0.0078125
0 0.58984375 0.619140625 0.00390625 0.005859375
0 0.59375 0.61083984375 0.0048828125 0.005859375
0 0.5888671875 0.6689453125 0.0078125 0.005859375
0 0.61865234375 0.58349609375 0.005859375 0.0078125
0 0.6103515625 0.52099609375 0.009765625 0.005859375
0 0.57470703125 0.5126953125 0.009765625 0.005859375
0 0.5634765625 0.513671875 0.0078125 0.005859375
0 0.56396484375 0.52197265625 0.0107421875 0.009765625
0 0.56005859375 0.53564453125 0.0107421875 0.005859375
0 0.5517578125 0.56884765625 0.009765625 0.005859375
0 0.5380859375 0.5546875 0.0087890625 0.0048828125
0 0.5126953125 0.54638671875 0.01171875 0.0078125
0 0.5322265625 0.54931640625 0.0087890625 0.0068359375
0 0.50390625 0.53173828125 0.0107421875 0.0068359375
0 0.517578125 0.5244140625 0.009765625 0.0078125
0 0.49072265625 0.51513671875 0.009765625 0.0078125
0 0.51416015625 0.49609375 0.009765625 0.005859375
0 0.51806640625 0.49072265625 0.013671875 0.0087890625
0 0.9111328125 0.6572265625 0.009765625 0.0068359375
0 0.8974609375 0.68017578125 0.009765625 0.0078125
0 0.8759765625 0.70703125 0.0087890625 0.0068359375
0 0.8642578125 0.7216796875 0.009765625 0.005859375
0 0.84814453125 0.73583984375 0.005859375 0.0078125
0 0.82763671875 0.75244140625 0.0078125 0.0068359375
0 0.80810546875 0.76806640625 0.00390625 0.005859375
0 0.7724609375 0.78125 0.0068359375 0.00390625
0 0.7646484375 0.79150390625 0.009765625 0.0048828125
0 0.748046875 0.796875 0.0087890625 0.00390625
0 0.70654296875 0.80810546875 0.0107421875 0.005859375
0 0.5947265625 0.5634765625 0.009765625 0.005859375
0 0.59814453125 0.591796875 0.01171875 0.0078125
0 0.6142578125 0.57958984375 0.0087890625 0.0078125
0 0.60107421875 0.5751953125 0.009765625 0.005859375
0 0.5888671875 0.56982421875 0.009765625 0.0068359375
0 0.56982421875 0.5751953125 0.0087890625 0.0078125
0 0.5634765625 0.57763671875 0.0087890625 0.0078125
0 0.57568359375 0.58740234375 0.009765625 0.0068359375
0 0.56298828125 0.599609375 0.0107421875 0.005859375
0 0.56884765625 0.59326171875 0.0146484375 0.0078125
0 0.57568359375 0.61083984375 0.0087890625 0.005859375
0 0.572265625 0.619140625 0.013671875 0.0087890625
0 0.48486328125 0.6494140625 0.0087890625 0.005859375
0 0.47705078125 0.654296875 0.009765625 0.0078125
0 0.4130859375 0.6474609375 0.01171875 0.005859375
0 0.404296875 0.6455078125 0.009765625 0.005859375
0 0.38037109375 0.64892578125 0.0087890625 0.0078125
0 0.38671875 0.64306640625 0.0107421875 0.0078125
0 0.36279296875 0.62744140625 0.009765625 0.005859375
0 0.3330078125 0.65380859375 0.0087890625 0.0068359375
0 0.3154296875 0.66064453125 0.009765625 0.0068359375
0 0.28955078125 0.646484375 0.009765625 0.0078125
0 0.328125 0.62451171875 0.009765625 0.009765625
0 0.30908203125 0.58447265625 0.0087890625 0.0078125
0 0.37109375 0.56298828125 0.01171875 0.0078125
0 0.4140625 0.5458984375 0.0126953125 0.01171875
0 0.4267578125 0.52197265625 0.01171875 0.0078125
0 0.46630859375 0.4716796875 0.0107421875 0.009765625
0 0.42431640625 0.4970703125 0.0078125 0.0078125
0 0.41650390625 0.478515625 0.009765625 0.009765625
0 0.46240234375 0.40234375 0.01171875 0.0068359375
0 0.45068359375 0.40625 0.009765625 0.009765625
0 0.4453125 0.4130859375 0.0078125 0.0078125
0 0.43359375 0.42333984375 0.009765625 0.009765625
0 0.41162109375 0.4443359375 0.0078125 0.005859375
0 0.44091796875 0.3759765625 0.0078125 0.0078125
0 0.47021484375 0.37890625 0.0068359375 0.005859375
0 0.41796875 0.39697265625 0.0078125 0.005859375
0 0.40087890625 0.4189453125 0.0068359375 0.0078125
0 0.37255859375 0.419921875 0.0078125 0.0078125
0 0.36767578125 0.400390625 0.009765625 0.0078125
0 0.3564453125 0.35595703125 0.0068359375 0.005859375
0 0.3935546875 0.3388671875 0.0078125 0.0078125
0 0.39990234375 0.32958984375 0.005859375 0.005859375
0 0.40478515625 0.33447265625 0.0068359375 0.005859375
0 0.36962890625 0.28515625 0.0087890625 0.0068359375
0 0.353515625 0.287109375 0.009765625 0.005859375
0 0.33349609375 0.30224609375 0.0078125 0.0068359375
0 0.25390625 0.337890625 0.009765625 0.0068359375
0 0.26806640625 0.3330078125 0.009765625 0.0078125
0 0.26171875 0.34716796875 0.013671875 0.0107421875
0 0.27294921875 0.3701171875 0.015625 0.0107421875
0 0.31103515625 0.3603515625 0.009765625 0.0078125
0 0.2822265625 0.39306640625 0.009765625 0.0078125
0 0.248046875 0.384765625 0.0107421875 0.0078125
0 0.2509765625 0.361328125 0.009765625 0.005859375
0 0.2431640625 0.412109375 0.01171875 0.005859375
0 0.23583984375 0.39990234375 0.0087890625 0.005859375
0 0.2158203125 0.419921875 0.0087890625 0.005859375
0 0.2783203125 0.42578125 0.0107421875 0.0078125
0 0.283203125 0.46240234375 0.0078125 0.0068359375
0 0.27490234375 0.4599609375 0.009765625 0.0078125
0 0.24072265625 0.44921875 0.0078125 0.005859375
0 0.2001953125 0.42236328125 0.009765625 0.0078125
0 0.20263671875 0.3974609375 0.0078125 0.0087890625
0 0.30908203125 0.4052734375 0.0087890625 0.005859375
0 0.33935546875 0.435546875 0.0078125 0.009765625
0 0.365234375 0.45263671875 0.009765625 0.005859375
0 0.38525390625 0.4599609375 0.009765625 0.01171875
0 0.40234375 0.46435546875 0.0068359375 0.0068359375
0 0.37548828125 0.46728515625 0.009765625 0.0087890625
0 0.36328125 0.48193359375 0.009765625 0.0078125
0 0.353515625 0.494140625 0.01171875 0.01171875
0 0.33935546875 0.4736328125 0.009765625 0.009765625
0 0.32373046875 0.49755859375 0.01171875 0.0087890625
0 0.322265625 0.51025390625 0.01171875 0.0087890625
0 0.3369140625 0.52734375 0.009765625 0.005859375
0 0.34326171875 0.53955078125 0.009765625 0.0078125
0 0.302734375 0.5458984375 0.0068359375 0.0078125
0 0.29443359375 0.53125 0.01171875 0.01171875
0 0.291015625 0.54541015625 0.01171875 0.0078125
0 0.29638671875 0.5537109375 0.009765625 0.005859375
0 0.24560546875 0.48779296875 0.01171875 0.009765625
0 0.27587890625 0.51318359375 0.0078125 0.0078125
0 0.2587890625 0.52490234375 0.009765625 0.0048828125
0 0.2509765625 0.55419921875 0.005859375 0.0078125
0 0.2470703125 0.5419921875 0.0068359375 0.009765625
0 0.22900390625 0.54736328125 0.005859375 0.0078125
0 0.1865234375 0.533203125 0.0087890625 0.0078125
0 0.18505859375 0.55810546875 0.0068359375 0.0078125
0 0.21044921875 0.58203125 0.0078125 0.009765625
0 0.16552734375 0.57177734375 0.005859375 0.0068359375
0 0.162109375 0.49853515625 0.009765625 0.0087890625
0 0.162109375 0.47900390625 0.005859375 0.0078125