0 0.82080078125 0.5546875 0.0986328125 0.072265625
0 0.7890625 0.40673828125 0.09375 0.076171875
0 0.83984375 0.486328125 0.0361328125 0.029296875
0 0.666015625 0.39599609375 0.0390625 0.02734375
0 0.630859375 0.37890625 0.015625 0.01171875
0 0.720703125 0.3984375 0.0185546875 0.015625
0 0.7666015625 0.51953125 0.015625 0.01171875
0 0.7197265625 0.513671875 0.0419921875 0.029296875
0 0.6826171875 0.5595703125 0.0390625 0.029296875
0 0.61181640625 0.58447265625 0.037109375 0.03125
0 0.53857421875 0.5810546875 0.0419921875 0.0341796875
0 0.5751953125 0.552734375 0.015625 0.013671875
0 0.564453125 0.5234375 0.017578125 0.015625
0 0.53173828125 0.5185546875 0.01171875 0.009765625
0 0.5859375 0.626953125 0.033203125 0.03125
0 0.6396484375 0.62109375 0.017578125 0.017578125
0 0.517578125 0.4970703125 0.01953125 0.0146484375
0 0.5654296875 0.416015625 0.041015625 0.037109375
0 0.64453125 0.4462890625 0.033203125 0.0283203125
0 0.69189453125 0.46875 0.029296875 0.021484375
0 0.68017578125 0.53564453125 0.0146484375 0.01171875
0 0.53515625 0.474609375 0.05078125 0.0390625
0 0.56884765625 0.49609375 0.013671875 0.0078125
0 0.61376953125 0.5244140625 0.01171875 0.005859375
0 0.775390625 0.49267578125 0.009765625 0.009765625