0 0.46875 0.1201171875 0.0517578125 0.060546875
0 0.427734375 0.18896484375 0.1103515625 0.11328125
0 0.3896484375 0.36962890625 0.03515625 0.0380859375
0 0.4365234375 0.3203125 0.1240234375 0.16015625
0 0.37060546875 0.58740234375 0.029296875 0.046875
0 0.49658203125 0.6748046875 0.017578125 0.0302734375
0 0.50244140625 0.60205078125 0.189453125 0.255859375
0 0.72900390625 0.58154296875 0.13671875 0.140625
0 0.701171875 0.45361328125 0.083984375 0.1123046875
0 0.837890625 0.6240234375 0.021484375 0.029296875
0 0.5263671875 0.818359375 0.02734375 0.03125
0 0.71240234375 0.72998046875 0.1611328125 0.1748046875
0 0.646484375 0.349609375 0.1240234375 0.169921875
0 0.7958984375 0.36181640625 0.142578125 0.2294921875
0 0.85302734375 0.4921875 0.03515625 0.060546875