0 0.3544921875 0.80810546875 0.0126953125 0.013671875
0 0.4658203125 0.7275390625 0.013671875 0.0087890625
0 0.42529296875 0.73193359375 0.013671875 0.009765625
0 0.3505859375 0.68701171875 0.013671875 0.009765625
0 0.31689453125 0.68212890625 0.013671875 0.009765625
0 0.34130859375 0.67041015625 0.0126953125 0.0068359375
0 0.26123046875 0.58203125 0.013671875 0.005859375
0 0.3154296875 0.462890625 0.013671875 0.0078125
0 0.39501953125 0.5244140625 0.013671875 0.009765625
0 0.4228515625 0.49365234375 0.009765625 0.01171875
0 0.4404296875 0.49609375 0.0126953125 0.0087890625
0 0.4736328125 0.4814453125 0.013671875 0.0078125
0 0.57421875 0.6708984375 0.0126953125 0.0087890625
0 0.6328125 0.64208984375 0.015625 0.01171875
0 0.724609375 0.6015625 0.009765625 0.009765625
0 0.61572265625 0.55224609375 0.01171875 0.0068359375
0 0.6103515625 0.52490234375 0.005859375 0.0068359375
0 0.67822265625 0.5205078125 0.015625 0.0087890625
0 0.59130859375 0.34130859375 0.0126953125 0.01171875
0 0.6884765625 0.35498046875 0.013671875 0.0126953125
0 0.7255859375 0.4111328125 0.01171875 0.0078125
0 0.71728515625 0.3916015625 0.0078125 0.009765625
0 0.69140625 0.44775390625 0.017578125 0.0087890625
0 0.73046875 0.45068359375 0.015625 0.01171875
0 0.72509765625 0.50927734375 0.0126953125 0.0087890625
0 0.833984375 0.56494140625 0.013671875 0.009765625
0 0.74658203125 0.703125 0.013671875 0.009765625
0 0.82763671875 0.69677734375 0.013671875 0.009765625
0 0.87548828125 0.66552734375 0.013671875 0.0078125