0 0.681640625 0.72705078125 0.0087890625 0.0087890625
0 0.65673828125 0.71630859375 0.0078125 0.01171875
0 0.6748046875 0.6728515625 0.0078125 0.0107421875
0 0.65380859375 0.63623046875 0.0068359375 0.01171875
0 0.7158203125 0.65087890625 0.005859375 0.01171875
0 0.76611328125 0.62451171875 0.0078125 0.013671875
0 0.74169921875 0.72509765625 0.0126953125 0.015625
0 0.7021484375 0.79150390625 0.009765625 0.0126953125
0 0.67431640625 0.7578125 0.0087890625 0.005859375
0 0.5966796875 0.8291015625 0.009765625 0.013671875
0 0.55615234375 0.82568359375 0.01171875 0.0107421875
0 0.4443359375 0.7734375 0.0087890625 0.0107421875
0 0.41015625 0.7333984375 0.0078125 0.01171875
0 0.47021484375 0.73388671875 0.009765625 0.0078125
0 0.466796875 0.703125 0.01171875 0.0126953125
0 0.55419921875 0.5869140625 0.009765625 0.0107421875
0 0.46630859375 0.59033203125 0.009765625 0.01171875
0 0.54150390625 0.53369140625 0.009765625 0.0126953125
0 0.5810546875 0.521484375 0.0087890625 0.009765625
0 0.572265625 0.51904296875 0.01171875 0.009765625
0 0.63818359375 0.58154296875 0.009765625 0.013671875
0 0.37890625 0.43115234375 0.0078125 0.0126953125
0 0.345703125 0.4580078125 0.0078125 0.0126953125
0 0.44287109375 0.45556640625 0.0087890625 0.0107421875
0 0.44189453125 0.48779296875 0.0087890625 0.009765625
0 0.4619140625 0.5341796875 0.0078125 0.0107421875
0 0.4912109375 0.4677734375 0.0068359375 0.0126953125
0 0.50390625 0.44580078125 0.005859375 0.0107421875
0 0.4931640625 0.4365234375 0.0078125 0.009765625
0 0.4609375 0.421875 0.005859375 0.009765625
0 0.46044921875 0.4111328125 0.0068359375 0.009765625
0 0.4814453125 0.3837890625 0.0068359375 0.013671875
0 0.48876953125 0.3515625 0.0068359375 0.0126953125
0 0.48046875 0.3515625 0.0078125 0.009765625
0 0.47802734375 0.32861328125 0.009765625 0.0078125
0 0.47705078125 0.3349609375 0.0078125 0.0078125
0 0.51708984375 0.4208984375 0.0068359375 0.0078125
0 0.5048828125 0.4169921875 0.005859375 0.0078125
0 0.52392578125 0.4111328125 0.005859375 0.005859375
0 0.51953125 0.39208984375 0.0068359375 0.0107421875
0 0.537109375 0.38037109375 0.005859375 0.005859375
0 0.57275390625 0.38720703125 0.0078125 0.0107421875
0 0.57373046875 0.396484375 0.005859375 0.0078125
0 0.60986328125 0.43701171875 0.0068359375 0.009765625
0 0.54052734375 0.33837890625 0.0078125 0.009765625
0 0.5927734375 0.3447265625 0.0068359375 0.0087890625
0 0.609375 0.3291015625 0.0078125 0.0087890625
0 0.6025390625 0.28955078125 0.005859375 0.009765625
0 0.6494140625 0.35009765625 0.0068359375 0.0087890625
0 0.66943359375 0.37890625 0.005859375 0.0078125
0 0.689453125 0.48583984375 0.0078125 0.0078125
0 0.72900390625 0.50048828125 0.00390625 0.005859375
0 0.73388671875 0.4814453125 0.0068359375 0.0087890625
0 0.6787109375 0.296875 0.005859375 0.0107421875
0 0.69775390625 0.27880859375 0.0078125 0.0087890625
0 0.5419921875 0.21533203125 0.005859375 0.0078125
0 0.52978515625 0.2412109375 0.005859375 0.0078125
0 0.484375 0.18798828125 0.0068359375 0.01171875
0 0.49609375 0.26953125 0.0078125 0.009765625
0 0.6015625 0.259765625 0.01171875 0.01171875
0 0.59033203125 0.14208984375 0.0078125 0.013671875
0 0.5546875 0.0849609375 0.0087890625 0.0078125
0 0.53662109375 0.09228515625 0.0068359375 0.01171875
0 0.42138671875 0.1240234375 0.0078125 0.005859375
0 0.4501953125 0.10986328125 0.009765625 0.005859375
0 0.48095703125 0.08935546875 0.0078125 0.013671875
0 0.5126953125 0.0771484375 0.0078125 0.013671875
0 0.6240234375 0.09130859375 0.0078125 0.0087890625
0 0.64404296875 0.11767578125 0.009765625 0.0087890625
0 0.68505859375 0.15234375 0.005859375 0.0087890625
0 0.66162109375 0.22802734375 0.0087890625 0.009765625
0 0.759765625 0.373046875 0.0087890625 0.015625
0 0.7421875 0.4384765625 0.0048828125 0.013671875
0 0.75732421875 0.45947265625 0.0048828125 0.0078125
0 0.7490234375 0.5224609375 0.0078125 0.0107421875
0 0.8408203125 0.43310546875 0.0078125 0.015625