0 0.83642578125 0.30078125 0.03125 0.048828125
0 0.79638671875 0.3447265625 0.03125 0.05078125
0 0.7373046875 0.28076171875 0.0400390625 0.056640625
0 0.63037109375 0.154296875 0.0283203125 0.0390625
0 0.64453125 0.330078125 0.0361328125 0.048828125
0 0.55224609375 0.26318359375 0.0390625 0.05078125
0 0.51953125 0.193359375 0.03515625 0.0419921875
0 0.57177734375 0.05419921875 0.03125 0.0361328125
0 0.7294921875 0.13671875 0.1337890625 0.14453125
0 0.4189453125 0.15869140625 0.099609375 0.123046875
0 0.7041015625 0.5810546875 0.033203125 0.03125
0 0.77783203125 0.60205078125 0.087890625 0.1005859375
0 0.7890625 0.69287109375 0.025390625 0.0361328125
0 0.6572265625 0.74755859375 0.0615234375 0.083984375
0 0.6171875 0.79833984375 0.03125 0.029296875
0 0.65869140625 0.66552734375 0.0625 0.068359375
0 0.5615234375 0.68115234375 0.033203125 0.056640625
0 0.4951171875 0.7392578125 0.046875 0.078125
0 0.44482421875 0.75244140625 0.025390625 0.03515625
0 0.423828125 0.74169921875 0.025390625 0.0390625
0 0.3603515625 0.6806640625 0.029296875 0.033203125
0 0.3310546875 0.625 0.029296875 0.041015625
0 0.3837890625 0.59814453125 0.037109375 0.0390625
0 0.54296875 0.400390625 0.0400390625 0.044921875
0 0.47216796875 0.39794921875 0.0634765625 0.08984375
0 0.40869140625 0.35302734375 0.0634765625 0.072265625
0 0.33447265625 0.359375 0.03125 0.04296875
0 0.2978515625 0.3544921875 0.041015625 0.0810546875
0 0.49560546875 0.5048828125 0.029296875 0.041015625
0 0.55126953125 0.45654296875 0.044921875 0.05078125
0 0.548828125 0.5 0.0263671875 0.02734375
0 0.34375 0.5078125 0.029296875 0.03515625
0 0.359375 0.46923828125 0.07421875 0.103515625
0 0.7216796875 0.47216796875 0.173828125 0.193359375
0 0.52099609375 0.6005859375 0.1201171875 0.142578125
0 0.67138671875 0.20654296875 0.0166015625 0.01953125
0 0.623046875 0.06005859375 0.037109375 0.03125
0 0.60205078125 0.44189453125 0.015625 0.01953125