0 0.64306640625 0.73681640625 0.013671875 0.0234375
0 0.6435546875 0.75927734375 0.01171875 0.0185546875
0 0.62255859375 0.76611328125 0.0107421875 0.0263671875
0 0.609375 0.76611328125 0.017578125 0.03125
0 0.6083984375 0.79248046875 0.013671875 0.025390625
0 0.60888671875 0.73779296875 0.017578125 0.0234375
0 0.5927734375 0.74365234375 0.0185546875 0.0244140625
0 0.56689453125 0.7998046875 0.0205078125 0.02734375
0 0.5654296875 0.771484375 0.021484375 0.021484375
0 0.6259765625 0.6845703125 0.01171875 0.0146484375
0 0.6142578125 0.67529296875 0.01171875 0.021484375
0 0.60693359375 0.67529296875 0.009765625 0.0234375
0 0.5947265625 0.697265625 0.01171875 0.017578125
0 0.61474609375 0.62890625 0.01171875 0.015625
0 0.58935546875 0.56884765625 0.017578125 0.021484375
0 0.58740234375 0.59765625 0.0185546875 0.0234375
0 0.58642578125 0.623046875 0.01953125 0.0244140625
0 0.5751953125 0.63330078125 0.0166015625 0.025390625
0 0.5859375 0.66552734375 0.01171875 0.0126953125
0 0.5654296875 0.6708984375 0.015625 0.0205078125
0 0.57275390625 0.708984375 0.017578125 0.025390625
0 0.5732421875 0.73193359375 0.0166015625 0.0244140625
0 0.5498046875 0.7421875 0.01171875 0.021484375
0 0.55615234375 0.71484375 0.01953125 0.021484375
0 0.54150390625 0.69580078125 0.0283203125 0.01953125
0 0.53466796875 0.66796875 0.017578125 0.0234375
0 0.5302734375 0.64990234375 0.021484375 0.0234375
0 0.5546875 0.6240234375 0.0234375 0.033203125
0 0.54736328125 0.6416015625 0.0166015625 0.017578125
0 0.55322265625 0.53271484375 0.015625 0.021484375
0 0.5517578125 0.58447265625 0.015625 0.013671875
0 0.5390625 0.57080078125 0.0078125 0.01953125
0 0.4755859375 0.53515625 0.0146484375 0.0205078125
0 0.51416015625 0.5517578125 0.0068359375 0.013671875
0 0.4091796875 0.578125 0.015625 0.013671875
0 0.5087890625 0.57763671875 0.017578125 0.0234375
0 0.51953125 0.5830078125 0.013671875 0.021484375
0 0.525390625 0.599609375 0.015625 0.013671875
0 0.5263671875 0.6259765625 0.021484375 0.015625
0 0.49560546875 0.615234375 0.0185546875 0.0234375
0 0.49072265625 0.63818359375 0.015625 0.0234375
0 0.49560546875 0.66552734375 0.017578125 0.01953125
0 0.49462890625 0.68408203125 0.013671875 0.01953125
0 0.478515625 0.68017578125 0.017578125 0.0185546875
0 0.46826171875 0.65869140625 0.017578125 0.021484375
0 0.46240234375 0.638671875 0.017578125 0.02734375
0 0.4541015625 0.59912109375 0.017578125 0.0205078125
0 0.4404296875 0.63427734375 0.021484375 0.0234375
0 0.42626953125 0.63818359375 0.01171875 0.017578125
0 0.39501953125 0.65771484375 0.0205078125 0.015625
0 0.44775390625 0.7099609375 0.015625 0.01953125
0 0.4130859375 0.70361328125 0.015625 0.0234375
0 0.42626953125 0.71533203125 0.01953125 0.01953125
0 0.4482421875 0.6728515625 0.025390625 0.0322265625
0 0.47021484375 0.73046875 0.033203125 0.044921875
0 0.47607421875 0.763671875 0.017578125 0.0234375
0 0.48779296875 0.76318359375 0.0146484375 0.0224609375
0 0.51513671875 0.78076171875 0.015625 0.021484375
0 0.5029296875 0.79150390625 0.015625 0.01953125
0 0.5244140625 0.794921875 0.01953125 0.021484375
0 0.50927734375 0.8115234375 0.015625 0.029296875
0 0.51708984375 0.84228515625 0.0234375 0.017578125
0 0.4208984375 0.78955078125 0.021484375 0.025390625
0 0.4140625 0.83984375 0.0185546875 0.03125
0 0.384765625 0.78662109375 0.0205078125 0.017578125
0 0.39697265625 0.8095703125 0.021484375 0.03125