0 0.30859375 0.64404296875 0.01953125 0.02734375
0 0.3330078125 0.70166015625 0.0302734375 0.037109375
0 0.32666015625 0.640625 0.0966796875 0.1103515625
0 0.3447265625 0.720703125 0.1201171875 0.14453125
0 0.68603515625 0.7177734375 0.0654296875 0.09375
0 0.75341796875 0.47216796875 0.015625 0.0234375
0 0.79736328125 0.56689453125 0.0673828125 0.0791015625
0 0.470703125 0.9072265625 0.0224609375 0.03125
0 0.48779296875 0.92626953125 0.083984375 0.080078125
0 0.361328125 0.74560546875 0.0234375 0.029296875
0 0.7265625 0.822265625 0.033203125 0.046875
0 0.6552734375 0.44482421875 0.021484375 0.0283203125
0 0.73828125 0.53564453125 0.0146484375 0.013671875
0 0.66455078125 0.640625 0.017578125 0.0146484375