0 0.80908203125 0.47509765625 0.044921875 0.044921875
0 0.76025390625 0.46435546875 0.015625 0.01171875
0 0.73828125 0.4599609375 0.015625 0.0078125
0 0.728515625 0.43505859375 0.013671875 0.009765625
0 0.740234375 0.3642578125 0.02734375 0.02734375
0 0.53271484375 0.3505859375 0.015625 0.0361328125
0 0.5576171875 0.36328125 0.009765625 0.0185546875
0 0.5458984375 0.37060546875 0.0126953125 0.017578125
0 0.60546875 0.35009765625 0.017578125 0.0224609375
0 0.64697265625 0.3642578125 0.025390625 0.021484375
0 0.673828125 0.41259765625 0.017578125 0.015625
0 0.6376953125 0.42431640625 0.0166015625 0.013671875
0 0.63671875 0.45849609375 0.0146484375 0.0107421875
0 0.69921875 0.427734375 0.03125 0.013671875
0 0.6982421875 0.43896484375 0.0341796875 0.013671875
0 0.73779296875 0.48779296875 0.009765625 0.0068359375
0 0.76318359375 0.4765625 0.02734375 0.0166015625
0 0.6962890625 0.474609375 0.0146484375 0.0126953125
0 0.6611328125 0.4794921875 0.0341796875 0.021484375
0 0.65673828125 0.4921875 0.02734375 0.0234375
0 0.71630859375 0.521484375 0.0234375 0.015625
0 0.7197265625 0.5126953125 0.029296875 0.015625
0 0.68896484375 0.5146484375 0.01171875 0.017578125
0 0.7548828125 0.552734375 0.01953125 0.0126953125
0 0.7158203125 0.560546875 0.015625 0.01171875
0 0.5556640625 0.60205078125 0.013671875 0.013671875
0 0.5859375 0.57421875 0.03515625 0.0185546875
0 0.55078125 0.5478515625 0.009765625 0.009765625
0 0.55859375 0.52490234375 0.015625 0.015625
0 0.58251953125 0.49951171875 0.0126953125 0.0107421875
0 0.61376953125 0.51953125 0.0146484375 0.013671875
0 0.46240234375 0.41845703125 0.02734375 0.009765625
0 0.48291015625 0.43994140625 0.0400390625 0.009765625
0 0.43798828125 0.47802734375 0.015625 0.0146484375
0 0.44482421875 0.50439453125 0.013671875 0.01171875
0 0.47607421875 0.513671875 0.0107421875 0.005859375
0 0.685546875 0.576171875 0.0078125 0.01171875
0 0.67236328125 0.57080078125 0.005859375 0.0107421875
0 0.6845703125 0.56201171875 0.0078125 0.01171875
0 0.69970703125 0.5712890625 0.017578125 0.015625
0 0.69775390625 0.552734375 0.0166015625 0.013671875
0 0.59716796875 0.47998046875 0.0078125 0.009765625
0 0.6220703125 0.39794921875 0.009765625 0.0078125