0 0.318359375 0.72705078125 0.0087890625 0.0087890625
0 0.34326171875 0.71630859375 0.0078125 0.01171875
0 0.3251953125 0.6728515625 0.0078125 0.0107421875
0 0.34619140625 0.63623046875 0.0068359375 0.01171875
0 0.2841796875 0.65087890625 0.005859375 0.01171875
0 0.23388671875 0.62451171875 0.0078125 0.013671875
0 0.25830078125 0.72509765625 0.0126953125 0.015625
0 0.2978515625 0.79150390625 0.009765625 0.0126953125
0 0.32568359375 0.7578125 0.0087890625 0.005859375
0 0.4033203125 0.8291015625 0.009765625 0.013671875
0 0.44384765625 0.82568359375 0.01171875 0.0107421875
0 0.5556640625 0.7734375 0.0087890625 0.0107421875
0 0.58984375 0.7333984375 0.0078125 0.01171875
0 0.52978515625 0.73388671875 0.009765625 0.0078125
0 0.533203125 0.703125 0.01171875 0.0126953125
0 0.44580078125 0.5869140625 0.009765625 0.0107421875
0 0.53369140625 0.59033203125 0.009765625 0.01171875
0 0.45849609375 0.53369140625 0.009765625 0.0126953125
0 0.4189453125 0.521484375 0.0087890625 0.009765625
0 0.427734375 0.51904296875 0.01171875 0.009765625
0 0.36181640625 0.58154296875 0.009765625 0.013671875
0 0.62109375 0.43115234375 0.0078125 0.0126953125
0 0.654296875 0.4580078125 0.0078125 0.0126953125
0 0.55712890625 0.45556640625 0.0087890625 0.0107421875
0 0.55810546875 0.48779296875 0.0087890625 0.009765625
0 0.5380859375 0.5341796875 0.0078125 0.0107421875
0 0.5087890625 0.4677734375 0.0068359375 0.0126953125
0 0.49609375 0.44580078125 0.005859375 0.0107421875
0 0.5068359375 0.4365234375 0.0078125 0.009765625
0 0.5390625 0.421875 0.005859375 0.009765625
0 0.53955078125 0.4111328125 0.0068359375 0.009765625
0 0.5185546875 0.3837890625 0.0068359375 0.013671875
0 0.51123046875 0.3515625 0.0068359375 0.0126953125
0 0.51953125 0.3515625 0.0078125 0.009765625
0 0.52197265625 0.32861328125 0.009765625 0.0078125
0 0.52294921875 0.3349609375 0.0078125 0.0078125
0 0.48291015625 0.4208984375 0.0068359375 0.0078125
0 0.4951171875 0.4169921875 0.005859375 0.0078125
0 0.47607421875 0.4111328125 0.005859375 0.005859375
0 0.48046875 0.39208984375 0.0068359375 0.0107421875
0 0.462890625 0.38037109375 0.005859375 0.005859375
0 0.42724609375 0.38720703125 0.0078125 0.0107421875
0 0.42626953125 0.396484375 0.005859375 0.0078125
0 0.39013671875 0.43701171875 0.0068359375 0.009765625
0 0.45947265625 0.33837890625 0.0078125 0.009765625
0 0.4072265625 0.3447265625 0.0068359375 0.0087890625
0 0.390625 0.3291015625 0.0078125 0.0087890625
0 0.3974609375 0.28955078125 0.005859375 0.009765625
0 0.3505859375 0.35009765625 0.0068359375 0.0087890625
0 0.33056640625 0.37890625 0.005859375 0.0078125
0 0.310546875 0.48583984375 0.0078125 0.0078125
0 0.27099609375 0.50048828125 0.00390625 0.005859375
0 0.26611328125 0.4814453125 0.0068359375 0.0087890625
0 0.3212890625 0.296875 0.005859375 0.0107421875
0 0.30224609375 0.27880859375 0.0078125 0.0087890625
0 0.4580078125 0.21533203125 0.005859375 0.0078125
0 0.47021484375 0.2412109375 0.005859375 0.0078125
0 0.515625 0.18798828125 0.0068359375 0.01171875
0 0.50390625 0.26953125 0.0078125 0.009765625
0 0.3984375 0.259765625 0.01171875 0.01171875
0 0.40966796875 0.14208984375 0.0078125 0.013671875
0 0.4453125 0.0849609375 0.0087890625 0.0078125
0 0.46337890625 0.09228515625 0.0068359375 0.01171875
0 0.57861328125 0.1240234375 0.0078125 0.005859375
0 0.5498046875 0.10986328125 0.009765625 0.005859375
0 0.51904296875 0.08935546875 0.0078125 0.013671875
0 0.4873046875 0.0771484375 0.0078125 0.013671875
0 0.3759765625 0.09130859375 0.0078125 0.0087890625
0 0.35595703125 0.11767578125 0.009765625 0.0087890625
0 0.31494140625 0.15234375 0.005859375 0.0087890625
0 0.33837890625 0.22802734375 0.0087890625 0.009765625
0 0.240234375 0.373046875 0.0087890625 0.015625
0 0.2578125 0.4384765625 0.0048828125 0.013671875
0 0.24267578125 0.45947265625 0.0048828125 0.0078125
0 0.2509765625 0.5224609375 0.0078125 0.0107421875
0 0.1591796875 0.43310546875 0.0078125 0.015625