0 0.67041015625 0.462890625 0.029296875 0.0341796875
0 0.52978515625 0.4521484375 0.046875 0.0458984375
0 0.68408203125 0.18603515625 0.01171875 0.013671875
0 0.33251953125 0.36572265625 0.01171875 0.013671875
0 0.72314453125 0.4912109375 0.013671875 0.0185546875
0 0.4970703125 0.74951171875 0.0126953125 0.013671875
0 0.7060546875 0.19384765625 0.009765625 0.0146484375
0 0.43505859375 0.173828125 0.013671875 0.015625
0 0.3837890625 0.38134765625 0.015625 0.015625
0 0.40380859375 0.701171875 0.021484375 0.0234375
0 0.37255859375 0.54541015625 0.0087890625 0.01171875
0 0.3671875 0.55224609375 0.01171875 0.0107421875