0 0.31884765625 0.36279296875 0.03125 0.025390625
0 0.46630859375 0.7216796875 0.033203125 0.0263671875
0 0.87548828125 0.38916015625 0.04296875 0.03515625
0 0.60302734375 0.31298828125 0.02734375 0.025390625
0 0.4619140625 0.25244140625 0.0244140625 0.017578125
0 0.8828125 0.44287109375 0.0380859375 0.033203125
0 0.8349609375 0.32666015625 0.0126953125 0.01171875
0 0.9228515625 0.56103515625 0.0126953125 0.013671875
0 0.689453125 0.44091796875 0.0244140625 0.017578125
0 0.77783203125 0.3291015625 0.02734375 0.0185546875
0 0.44287109375 0.29248046875 0.029296875 0.025390625
0 0.5478515625 0.30224609375 0.0166015625 0.01171875
0 0.8671875 0.34716796875 0.0107421875 0.009765625
0 0.6591796875 0.716796875 0.0166015625 0.0126953125
0 0.4833984375 0.74365234375 0.0146484375 0.0078125
0 0.68017578125 0.31201171875 0.01171875 0.01171875
0 0.5751953125 0.22216796875 0.0361328125 0.02734375
0 0.8056640625 0.6484375 0.0146484375 0.0126953125
0 0.94921875 0.4765625 0.0185546875 0.0166015625
0 0.7548828125 0.357421875 0.0146484375 0.0126953125
0 0.93310546875 0.4365234375 0.009765625 0.0087890625
0 0.5234375 0.77392578125 0.0166015625 0.01171875
0 0.73486328125 0.724609375 0.017578125 0.0146484375
0 0.83935546875 0.603515625 0.01171875 0.0126953125
0 0.44970703125 0.763671875 0.013671875 0.0126953125
0 0.64111328125 0.23193359375 0.01171875 0.009765625
0 0.72119140625 0.33740234375 0.017578125 0.017578125
0 0.57080078125 0.576171875 0.021484375 0.0185546875
0 0.30322265625 0.44189453125 0.017578125 0.013671875
0 0.306640625 0.3115234375 0.0087890625 0.0107421875
0 0.34033203125 0.662109375 0.013671875 0.0107421875
0 0.39111328125 0.32763671875 0.01171875 0.01171875
0 0.7626953125 0.6787109375 0.0126953125 0.0107421875
0 0.7451171875 0.4375 0.0146484375 0.0126953125
0 0.30517578125 0.462890625 0.015625 0.0146484375
0 0.55810546875 0.271484375 0.013671875 0.0107421875
0 0.2822265625 0.41357421875 0.0126953125 0.013671875
0 0.76904296875 0.60693359375 0.017578125 0.013671875
0 0.83642578125 0.70068359375 0.009765625 0.009765625
0 0.6064453125 0.2646484375 0.0126953125 0.0107421875
0 0.48291015625 0.69921875 0.01171875 0.0107421875
0 0.88525390625 0.43017578125 0.0234375 0.0234375
0 0.6083984375 0.56787109375 0.0146484375 0.013671875
0 0.7841796875 0.576171875 0.0146484375 0.0126953125
0 0.4951171875 0.3125 0.0146484375 0.0146484375
0 0.57421875 0.6142578125 0.0283203125 0.0263671875
0 0.6904296875 0.58984375 0.0166015625 0.0146484375
0 0.70263671875 0.46484375 0.017578125 0.0146484375
0 0.330078125 0.47509765625 0.0087890625 0.01171875
0 0.74951171875 0.45263671875 0.009765625 0.009765625
0 0.615234375 0.3427734375 0.0146484375 0.0126953125
0 0.3095703125 0.5908203125 0.0126953125 0.0107421875
0 0.59375 0.3212890625 0.0107421875 0.0107421875
0 0.66162109375 0.3740234375 0.01171875 0.0087890625
0 0.41064453125 0.73876953125 0.017578125 0.015625
0 0.724609375 0.365234375 0.0087890625 0.0087890625
0 0.490234375 0.349609375 0.0126953125 0.0107421875
0 0.5185546875 0.341796875 0.0126953125 0.0107421875
0 0.677734375 0.529296875 0.0126953125 0.0107421875
0 0.38037109375 0.57666015625 0.013671875 0.01171875
0 0.28857421875 0.63427734375 0.009765625 0.009765625
0 0.380859375 0.3134765625 0.0146484375 0.0146484375
0 0.82421875 0.52734375 0.0087890625 0.0107421875
0 0.38525390625 0.47998046875 0.01171875 0.01171875
0 0.44580078125 0.53955078125 0.009765625 0.01171875
0 0.3251953125 0.52001953125 0.017578125 0.01171875
0 0.33984375 0.45556640625 0.009765625 0.009765625
0 0.322265625 0.4521484375 0.01171875 0.005859375
0 0.2412109375 0.39501953125 0.0107421875 0.0087890625
0 0.2265625 0.4169921875 0.01171875 0.01171875
0 0.23095703125 0.44921875 0.0146484375 0.0107421875
0 0.24658203125 0.6630859375 0.015625 0.009765625
0 0.4404296875 0.51611328125 0.0107421875 0.0078125
0 0.49072265625 0.388671875 0.0146484375 0.009765625
0 0.4365234375 0.4033203125 0.013671875 0.009765625
0 0.47021484375 0.55126953125 0.017578125 0.01171875
0 0.56103515625 0.494140625 0.017578125 0.0078125
0 0.6123046875 0.50244140625 0.0107421875 0.0078125
0 0.43505859375 0.4560546875 0.203125 0.162109375
0 0.3779296875 0.623046875 0.017578125 0.009765625
0 0.42333984375 0.5810546875 0.015625 0.013671875
0 0.48046875 0.64404296875 0.021484375 0.017578125
0 0.41796875 0.24853515625 0.013671875 0.0126953125
0 0.5009765625 0.255859375 0.0146484375 0.009765625
0 0.5 0.21484375 0.0166015625 0.0166015625
0 0.611328125 0.43310546875 0.0205078125 0.0166015625
0 0.9013671875 0.37255859375 0.01171875 0.009765625
0 0.7216796875 0.53515625 0.017578125 0.01171875
0 0.724609375 0.55712890625 0.015625 0.009765625
0 0.68896484375 0.56298828125 0.01953125 0.013671875
0 0.63427734375 0.6005859375 0.0234375 0.015625