0 0.32958984375 0.462890625 0.029296875 0.0341796875
0 0.47021484375 0.4521484375 0.046875 0.0458984375
0 0.31591796875 0.18603515625 0.01171875 0.013671875
0 0.66748046875 0.36572265625 0.01171875 0.013671875
0 0.27685546875 0.4912109375 0.013671875 0.0185546875
0 0.5029296875 0.74951171875 0.0126953125 0.013671875
0 0.2939453125 0.19384765625 0.009765625 0.0146484375
0 0.56494140625 0.173828125 0.013671875 0.015625
0 0.6162109375 0.38134765625 0.015625 0.015625
0 0.59619140625 0.701171875 0.021484375 0.0234375
0 0.62744140625 0.54541015625 0.0087890625 0.01171875
0 0.6328125 0.55224609375 0.01171875 0.0107421875