0 0.68115234375 0.36279296875 0.03125 0.025390625
0 0.53369140625 0.7216796875 0.033203125 0.0263671875
0 0.12451171875 0.38916015625 0.04296875 0.03515625
0 0.39697265625 0.31298828125 0.02734375 0.025390625
0 0.5380859375 0.25244140625 0.0244140625 0.017578125
0 0.1171875 0.44287109375 0.0380859375 0.033203125
0 0.1650390625 0.32666015625 0.0126953125 0.01171875
0 0.0771484375 0.56103515625 0.0126953125 0.013671875
0 0.310546875 0.44091796875 0.0244140625 0.017578125
0 0.22216796875 0.3291015625 0.02734375 0.0185546875
0 0.55712890625 0.29248046875 0.029296875 0.025390625
0 0.4521484375 0.30224609375 0.0166015625 0.01171875
0 0.1328125 0.34716796875 0.0107421875 0.009765625
0 0.3408203125 0.716796875 0.0166015625 0.0126953125
0 0.5166015625 0.74365234375 0.0146484375 0.0078125
0 0.31982421875 0.31201171875 0.01171875 0.01171875
0 0.4248046875 0.22216796875 0.0361328125 0.02734375
0 0.1943359375 0.6484375 0.0146484375 0.0126953125
0 0.05078125 0.4765625 0.0185546875 0.0166015625
0 0.2451171875 0.357421875 0.0146484375 0.0126953125
0 0.06689453125 0.4365234375 0.009765625 0.0087890625
0 0.4765625 0.77392578125 0.0166015625 0.01171875
0 0.26513671875 0.724609375 0.017578125 0.0146484375
0 0.16064453125 0.603515625 0.01171875 0.0126953125
0 0.55029296875 0.763671875 0.013671875 0.0126953125
0 0.35888671875 0.23193359375 0.01171875 0.009765625
0 0.27880859375 0.33740234375 0.017578125 0.017578125
0 0.42919921875 0.576171875 0.021484375 0.0185546875
0 0.69677734375 0.44189453125 0.017578125 0.013671875
0 0.693359375 0.3115234375 0.0087890625 0.0107421875
0 0.65966796875 0.662109375 0.013671875 0.0107421875
0 0.60888671875 0.32763671875 0.01171875 0.01171875
0 0.2373046875 0.6787109375 0.0126953125 0.0107421875
0 0.2548828125 0.4375 0.0146484375 0.0126953125
0 0.69482421875 0.462890625 0.015625 0.0146484375
0 0.44189453125 0.271484375 0.013671875 0.0107421875
0 0.7177734375 0.41357421875 0.0126953125 0.013671875
0 0.23095703125 0.60693359375 0.017578125 0.013671875
0 0.16357421875 0.70068359375 0.009765625 0.009765625
0 0.3935546875 0.2646484375 0.0126953125 0.0107421875
0 0.51708984375 0.69921875 0.01171875 0.0107421875
0 0.11474609375 0.43017578125 0.0234375 0.0234375
0 0.3916015625 0.56787109375 0.0146484375 0.013671875
0 0.2158203125 0.576171875 0.0146484375 0.0126953125
0 0.5048828125 0.3125 0.0146484375 0.0146484375
0 0.42578125 0.6142578125 0.0283203125 0.0263671875
0 0.3095703125 0.58984375 0.0166015625 0.0146484375
0 0.29736328125 0.46484375 0.017578125 0.0146484375
0 0.669921875 0.47509765625 0.0087890625 0.01171875
0 0.25048828125 0.45263671875 0.009765625 0.009765625
0 0.384765625 0.3427734375 0.0146484375 0.0126953125
0 0.6904296875 0.5908203125 0.0126953125 0.0107421875
0 0.40625 0.3212890625 0.0107421875 0.0107421875
0 0.33837890625 0.3740234375 0.01171875 0.0087890625
0 0.58935546875 0.73876953125 0.017578125 0.015625
0 0.275390625 0.365234375 0.0087890625 0.0087890625
0 0.509765625 0.349609375 0.0126953125 0.0107421875
0 0.4814453125 0.341796875 0.0126953125 0.0107421875
0 0.322265625 0.529296875 0.0126953125 0.0107421875
0 0.61962890625 0.57666015625 0.013671875 0.01171875
0 0.71142578125 0.63427734375 0.009765625 0.009765625
0 0.619140625 0.3134765625 0.0146484375 0.0146484375
0 0.17578125 0.52734375 0.0087890625 0.0107421875
0 0.61474609375 0.47998046875 0.01171875 0.01171875
0 0.55419921875 0.53955078125 0.009765625 0.01171875
0 0.6748046875 0.52001953125 0.017578125 0.01171875
0 0.66015625 0.45556640625 0.009765625 0.009765625
0 0.677734375 0.4521484375 0.01171875 0.005859375
0 0.7587890625 0.39501953125 0.0107421875 0.0087890625
0 0.7734375 0.4169921875 0.01171875 0.01171875
0 0.76904296875 0.44921875 0.0146484375 0.0107421875
0 0.75341796875 0.6630859375 0.015625 0.009765625
0 0.5595703125 0.51611328125 0.0107421875 0.0078125
0 0.50927734375 0.388671875 0.0146484375 0.009765625
0 0.5634765625 0.4033203125 0.013671875 0.009765625
0 0.52978515625 0.55126953125 0.017578125 0.01171875
0 0.43896484375 0.494140625 0.017578125 0.0078125
0 0.3876953125 0.50244140625 0.0107421875 0.0078125
0 0.56494140625 0.4560546875 0.203125 0.162109375
0 0.6220703125 0.623046875 0.017578125 0.009765625
0 0.57666015625 0.5810546875 0.015625 0.013671875
0 0.51953125 0.64404296875 0.021484375 0.017578125
0 0.58203125 0.24853515625 0.013671875 0.0126953125
0 0.4990234375 0.255859375 0.0146484375 0.009765625
0 0.5 0.21484375 0.0166015625 0.0166015625
0 0.388671875 0.43310546875 0.0205078125 0.0166015625
0 0.0986328125 0.37255859375 0.01171875 0.009765625
0 0.2783203125 0.53515625 0.017578125 0.01171875
0 0.275390625 0.55712890625 0.015625 0.009765625
0 0.31103515625 0.56298828125 0.01953125 0.013671875
0 0.36572265625 0.6005859375 0.0234375 0.015625