0 0.5947265625 0.333984375 0.0146484375 0.0205078125
0 0.68310546875 0.2802734375 0.01171875 0.0126953125
0 0.603515625 0.19580078125 0.0087890625 0.0078125
0 0.66552734375 0.1943359375 0.005859375 0.005859375
0 0.27734375 0.39990234375 0.0107421875 0.01171875
0 0.3330078125 0.29150390625 0.0185546875 0.0234375
0 0.25244140625 0.32568359375 0.01171875 0.013671875
0 0.2998046875 0.302734375 0.0078125 0.009765625
0 0.33447265625 0.36669921875 0.009765625 0.015625
0 0.41357421875 0.15478515625 0.0068359375 0.01171875
0 0.314453125 0.44921875 0.01171875 0.015625
0 0.1982421875 0.4765625 0.0078125 0.0107421875
0 0.5244140625 0.53955078125 0.0107421875 0.017578125
0 0.50634765625 0.6015625 0.01171875 0.0205078125
0 0.431640625 0.45361328125 0.0146484375 0.0205078125
0 0.44580078125 0.49169921875 0.01171875 0.0205078125
0 0.46826171875 0.5537109375 0.013671875 0.021484375
0 0.41015625 0.560546875 0.01171875 0.015625
0 0.751953125 0.49462890625 0.01171875 0.01953125
0 0.76806640625 0.44140625 0.01171875 0.015625
0 0.59228515625 0.65478515625 0.009765625 0.013671875
0 0.52685546875 0.6474609375 0.0087890625 0.0126953125
0 0.48291015625 0.8330078125 0.017578125 0.0146484375
0 0.52734375 0.81005859375 0.009765625 0.009765625
0 0.63037109375 0.744140625 0.0107421875 0.0166015625
0 0.64599609375 0.63525390625 0.009765625 0.01171875
0 0.6328125 0.63525390625 0.013671875 0.017578125
0 0.591796875 0.734375 0.0078125 0.013671875
0 0.3173828125 0.69677734375 0.005859375 0.0087890625
0 0.3369140625 0.49951171875 0.0087890625 0.0126953125
0 0.30029296875 0.466796875 0.005859375 0.0126953125
0 0.720703125 0.3642578125 0.0068359375 0.01171875
0 0.59423828125 0.15283203125 0.0068359375 0.01171875
0 0.62744140625 0.14306640625 0.005859375 0.01171875