0 0.5947265625 0.666015625 0.0146484375 0.0205078125
0 0.68310546875 0.7197265625 0.01171875 0.0126953125
0 0.603515625 0.80419921875 0.0087890625 0.0078125
0 0.66552734375 0.8056640625 0.005859375 0.005859375
0 0.27734375 0.60009765625 0.0107421875 0.01171875
0 0.3330078125 0.70849609375 0.0185546875 0.0234375
0 0.25244140625 0.67431640625 0.01171875 0.013671875
0 0.2998046875 0.697265625 0.0078125 0.009765625
0 0.33447265625 0.63330078125 0.009765625 0.015625
0 0.41357421875 0.84521484375 0.0068359375 0.01171875
0 0.314453125 0.55078125 0.01171875 0.015625
0 0.1982421875 0.5234375 0.0078125 0.0107421875
0 0.5244140625 0.46044921875 0.0107421875 0.017578125
0 0.50634765625 0.3984375 0.01171875 0.0205078125
0 0.431640625 0.54638671875 0.0146484375 0.0205078125
0 0.44580078125 0.50830078125 0.01171875 0.0205078125
0 0.46826171875 0.4462890625 0.013671875 0.021484375
0 0.41015625 0.439453125 0.01171875 0.015625
0 0.751953125 0.50537109375 0.01171875 0.0205078125
0 0.76806640625 0.55859375 0.01171875 0.015625
0 0.59228515625 0.34521484375 0.009765625 0.013671875
0 0.52685546875 0.3525390625 0.0087890625 0.0126953125
0 0.48291015625 0.1669921875 0.017578125 0.0146484375
0 0.52734375 0.18994140625 0.009765625 0.009765625
0 0.63037109375 0.255859375 0.0107421875 0.0166015625
0 0.64599609375 0.36474609375 0.009765625 0.01171875
0 0.6328125 0.36474609375 0.013671875 0.017578125
0 0.591796875 0.265625 0.0078125 0.013671875
0 0.3173828125 0.30322265625 0.005859375 0.0087890625
0 0.3369140625 0.50048828125 0.0087890625 0.0126953125
0 0.30029296875 0.533203125 0.005859375 0.0126953125
0 0.720703125 0.6357421875 0.0068359375 0.01171875
0 0.59423828125 0.84716796875 0.0068359375 0.01171875
0 0.62744140625 0.85693359375 0.005859375 0.01171875