0 0.29541015625 0.41748046875 0.01953125 0.015625
0 0.4345703125 0.47998046875 0.0302734375 0.021484375
0 0.18017578125 0.74609375 0.0234375 0.0146484375
0 0.576171875 0.86962890625 0.0224609375 0.015625
0 0.46142578125 0.314453125 0.01953125 0.0126953125
0 0.43701171875 0.60498046875 0.01171875 0.013671875
0 0.12548828125 0.70556640625 0.009765625 0.009765625
0 0.34423828125 0.58935546875 0.013671875 0.01171875
0 0.14208984375 0.6845703125 0.009765625 0.009765625
0 0.2001953125 0.421875 0.0185546875 0.0185546875
0 0.6171875 0.8310546875 0.0107421875 0.0126953125
0 0.15380859375 0.646484375 0.021484375 0.0126953125
0 0.6376953125 0.65673828125 0.0244140625 0.01953125
0 0.1279296875 0.50390625 0.0146484375 0.0107421875
0 0.78125 0.67333984375 0.0126953125 0.01171875
0 0.69970703125 0.7236328125 0.021484375 0.0166015625
0 0.19384765625 0.7607421875 0.0078125 0.0087890625
0 0.267578125 0.6875 0.0283203125 0.0185546875
0 0.45458984375 0.5322265625 0.0234375 0.0224609375
0 0.373046875 0.4638671875 0.0126953125 0.0146484375
0 0.4912109375 0.650390625 0.0166015625 0.0185546875
0 0.298828125 0.701171875 0.0146484375 0.0126953125
0 0.08740234375 0.54150390625 0.0078125 0.0078125
0 0.05712890625 0.6357421875 0.02734375 0.0107421875
0 0.0791015625 0.6806640625 0.009765625 0.0068359375
0 0.0908203125 0.708984375 0.0087890625 0.005859375
0 0.09912109375 0.6845703125 0.0087890625 0.005859375
0 0.11572265625 0.5859375 0.01171875 0.0078125
0 0.12109375 0.462890625 0.009765625 0.0078125
0 0.1328125 0.44482421875 0.009765625 0.0078125
0 0.2392578125 0.49951171875 0.01171875 0.0078125
0 0.28857421875 0.47607421875 0.009765625 0.0048828125
0 0.3291015625 0.3974609375 0.015625 0.0078125
0 0.3291015625 0.33935546875 0.009765625 0.0078125
0 0.3330078125 0.4912109375 0.01171875 0.0078125
0 0.40673828125 0.41455078125 0.0078125 0.0068359375
0 0.4208984375 0.41796875 0.0087890625 0.00390625
0 0.3974609375 0.33349609375 0.017578125 0.01171875
0 0.498046875 0.3154296875 0.015625 0.0078125
0 0.54150390625 0.314453125 0.0078125 0.0068359375
0 0.55029296875 0.36669921875 0.0126953125 0.0078125
0 0.60693359375 0.32568359375 0.009765625 0.009765625
0 0.52197265625 0.40869140625 0.015625 0.009765625
0 0.50732421875 0.45263671875 0.0126953125 0.0078125
0 0.5 0.51171875 0.015625 0.0087890625
0 0.5703125 0.42724609375 0.0107421875 0.0078125
0 0.580078125 0.42919921875 0.01171875 0.005859375
0 0.59033203125 0.44140625 0.01171875 0.0078125
0 0.6103515625 0.45458984375 0.013671875 0.0078125
0 0.63916015625 0.40087890625 0.0146484375 0.009765625
0 0.69921875 0.39794921875 0.01171875 0.0078125
0 0.6748046875 0.42236328125 0.0126953125 0.0078125
0 0.693359375 0.4189453125 0.0078125 0.005859375
0 0.720703125 0.408203125 0.0078125 0.0068359375
0 0.73974609375 0.388671875 0.013671875 0.0078125
0 0.69287109375 0.46240234375 0.01171875 0.0087890625
0 0.65625 0.474609375 0.009765625 0.0078125
0 0.7275390625 0.44189453125 0.009765625 0.0078125
0 0.7236328125 0.4873046875 0.009765625 0.00390625
0 0.7685546875 0.49267578125 0.0107421875 0.005859375
0 0.80126953125 0.494140625 0.013671875 0.009765625
0 0.7802734375 0.4970703125 0.0078125 0.0078125
0 0.787109375 0.45361328125 0.0078125 0.005859375
0 0.77880859375 0.548828125 0.0078125 0.005859375
0 0.693359375 0.5078125 0.005859375 0.0078125
0 0.68603515625 0.505859375 0.009765625 0.005859375
0 0.6376953125 0.583984375 0.015625 0.01171875
0 0.7421875 0.59765625 0.0205078125 0.0146484375
0 0.79833984375 0.646484375 0.021484375 0.015625
0 0.6923828125 0.62158203125 0.017578125 0.009765625
0 0.5947265625 0.615234375 0.017578125 0.01171875
0 0.6455078125 0.67724609375 0.0146484375 0.009765625
0 0.68115234375 0.681640625 0.009765625 0.0078125
0 0.70556640625 0.6689453125 0.009765625 0.0048828125
0 0.73779296875 0.697265625 0.009765625 0.005859375
0 0.73193359375 0.7685546875 0.01171875 0.0078125
0 0.732421875 0.76025390625 0.0087890625 0.005859375
0 0.60693359375 0.78173828125 0.009765625 0.0078125
0 0.60791015625 0.80517578125 0.01171875 0.00390625
0 0.55029296875 0.791015625 0.0078125 0.0068359375
0 0.53857421875 0.8046875 0.0107421875 0.0087890625
0 0.30224609375 0.58154296875 0.0146484375 0.009765625
0 0.47021484375 0.623046875 0.01171875 0.005859375
0 0.4619140625 0.7314453125 0.017578125 0.01171875
0 0.45068359375 0.7900390625 0.01171875 0.0078125
0 0.4638671875 0.7939453125 0.0087890625 0.0068359375
0 0.4794921875 0.8037109375 0.0078125 0.0068359375
0 0.4619140625 0.833984375 0.017578125 0.0078125
0 0.35302734375 0.76904296875 0.013671875 0.0078125
0 0.34130859375 0.68798828125 0.015625 0.009765625
0 0.3720703125 0.658203125 0.009765625 0.009765625
0 0.32177734375 0.830078125 0.0087890625 0.0078125
0 0.27880859375 0.79150390625 0.0146484375 0.01171875
0 0.271484375 0.802734375 0.009765625 0.0078125
0 0.248046875 0.75341796875 0.009765625 0.005859375
0 0.212890625 0.65576171875 0.013671875 0.009765625
0 0.16357421875 0.77001953125 0.015625 0.013671875