0 0.68310546875 0.5283203125 0.03125 0.0283203125
0 0.85205078125 0.56689453125 0.017578125 0.015625
0 0.6884765625 0.40234375 0.0224609375 0.0185546875
0 0.49951171875 0.7685546875 0.0234375 0.0185546875
0 0.5341796875 0.36962890625 0.0185546875 0.0146484375
0 0.64697265625 0.49609375 0.02734375 0.0205078125
0 0.802734375 0.5517578125 0.0126953125 0.0146484375
0 0.38916015625 0.69873046875 0.009765625 0.0078125
0 0.5517578125 0.33935546875 0.0166015625 0.013671875
0 0.8076171875 0.4404296875 0.0126953125 0.0107421875
0 0.7412109375 0.48779296875 0.0146484375 0.01171875
0 0.53271484375 0.47119140625 0.015625 0.013671875
0 0.61572265625 0.3515625 0.01953125 0.0166015625
0 0.8154296875 0.4208984375 0.0224609375 0.0126953125
0 0.43115234375 0.6474609375 0.013671875 0.0166015625
0 0.9423828125 0.4560546875 0.0185546875 0.01171875
0 0.9111328125 0.41162109375 0.0107421875 0.005859375
0 0.8701171875 0.4111328125 0.013671875 0.0078125
0 0.8193359375 0.3984375 0.015625 0.01171875
0 0.81787109375 0.37451171875 0.01171875 0.005859375
0 0.802734375 0.412109375 0.005859375 0.0078125
0 0.79296875 0.4111328125 0.005859375 0.009765625
0 0.77001953125 0.43359375 0.0087890625 0.0048828125
0 0.8017578125 0.46044921875 0.01171875 0.005859375
0 0.8857421875 0.53662109375 0.009765625 0.005859375
0 0.8837890625 0.5302734375 0.005859375 0.005859375
0 0.943359375 0.4892578125 0.0078125 0.00390625
0 0.8447265625 0.6259765625 0.005859375 0.00390625
0 0.8095703125 0.533203125 0.0078125 0.00390625
0 0.7705078125 0.517578125 0.0107421875 0.005859375
0 0.7265625 0.5947265625 0.009765625 0.00390625
0 0.7314453125 0.72412109375 0.0087890625 0.0107421875
0 0.71484375 0.73095703125 0.009765625 0.005859375
0 0.68505859375 0.7294921875 0.01953125 0.009765625
0 0.69921875 0.689453125 0.0107421875 0.0087890625
0 0.67822265625 0.68359375 0.01171875 0.005859375
0 0.6064453125 0.705078125 0.01171875 0.005859375
0 0.56396484375 0.72705078125 0.01171875 0.0078125
0 0.5341796875 0.8017578125 0.009765625 0.009765625
0 0.56884765625 0.818359375 0.0087890625 0.005859375
0 0.51171875 0.671875 0.009765625 0.0068359375
0 0.60009765625 0.60888671875 0.013671875 0.01171875
0 0.63818359375 0.5732421875 0.0068359375 0.005859375
0 0.41552734375 0.70703125 0.0078125 0.009765625
0 0.3984375 0.775390625 0.009765625 0.0068359375
0 0.31884765625 0.7578125 0.0126953125 0.01171875
0 0.3642578125 0.77392578125 0.0087890625 0.0087890625
0 0.3271484375 0.7373046875 0.01171875 0.0078125
0 0.3193359375 0.671875 0.013671875 0.0087890625
0 0.21728515625 0.61572265625 0.0107421875 0.0087890625
0 0.212890625 0.63818359375 0.009765625 0.005859375
0 0.1728515625 0.5419921875 0.0087890625 0.0068359375
0 0.22607421875 0.60205078125 0.0126953125 0.009765625
0 0.28662109375 0.53857421875 0.013671875 0.009765625
0 0.271484375 0.5205078125 0.009765625 0.0078125
0 0.2861328125 0.49755859375 0.01171875 0.005859375
0 0.23974609375 0.50830078125 0.009765625 0.005859375
0 0.1943359375 0.5224609375 0.009765625 0.005859375
0 0.4833984375 0.60791015625 0.0283203125 0.017578125
0 0.45068359375 0.59716796875 0.009765625 0.0078125
0 0.46337890625 0.57958984375 0.013671875 0.013671875
0 0.4287109375 0.5927734375 0.0107421875 0.0078125
0 0.423828125 0.57470703125 0.013671875 0.01171875
0 0.36328125 0.56689453125 0.01953125 0.013671875
0 0.35009765625 0.58056640625 0.0068359375 0.0048828125
0 0.33056640625 0.56884765625 0.0078125 0.00390625
0 0.234375 0.47265625 0.01171875 0.009765625
0 0.23046875 0.46630859375 0.0087890625 0.0068359375
0 0.3056640625 0.43994140625 0.0126953125 0.0078125
0 0.328125 0.43603515625 0.0087890625 0.0048828125
0 0.30810546875 0.3916015625 0.01171875 0.0078125
0 0.3740234375 0.458984375 0.005859375 0.0068359375
0 0.4287109375 0.48046875 0.013671875 0.0078125
0 0.40283203125 0.48828125 0.0234375 0.01171875
0 0.4912109375 0.52001953125 0.009765625 0.005859375
0 0.46337890625 0.4755859375 0.0078125 0.005859375
0 0.53955078125 0.3837890625 0.013671875 0.009765625
0 0.48779296875 0.4150390625 0.0107421875 0.005859375
0 0.46630859375 0.4287109375 0.009765625 0.0107421875
0 0.45263671875 0.4423828125 0.005859375 0.005859375
0 0.341796875 0.3447265625 0.0126953125 0.0078125
0 0.353515625 0.30419921875 0.009765625 0.0078125
0 0.458984375 0.31298828125 0.0107421875 0.0078125
0 0.44775390625 0.25244140625 0.0078125 0.005859375
0 0.5107421875 0.26708984375 0.01171875 0.0087890625
0 0.51904296875 0.32568359375 0.01171875 0.0107421875
0 0.57763671875 0.27685546875 0.01171875 0.0078125
0 0.572265625 0.24169921875 0.01171875 0.005859375
0 0.6337890625 0.27587890625 0.0126953125 0.0068359375
0 0.6376953125 0.26708984375 0.009765625 0.005859375
0 0.66748046875 0.2392578125 0.009765625 0.0048828125
0 0.578125 0.36083984375 0.0078125 0.0068359375
0 0.63037109375 0.41552734375 0.009765625 0.0078125
0 0.6328125 0.48095703125 0.0068359375 0.00390625
0 0.5634765625 0.3486328125 0.0078125 0.005859375
0 0.7626953125 0.3486328125 0.01171875 0.0078125
0 0.74462890625 0.39208984375 0.0087890625 0.0078125
0 0.7587890625 0.3095703125 0.0087890625 0.0078125
0 0.73486328125 0.30615234375 0.01171875 0.009765625