0 0.4716796875 0.31689453125 0.0283203125 0.03125
0 0.43310546875 0.14794921875 0.015625 0.017578125
0 0.59765625 0.3115234375 0.0185546875 0.0224609375
0 0.2314453125 0.50048828125 0.0185546875 0.0234375
0 0.63037109375 0.4658203125 0.0146484375 0.0185546875
0 0.50390625 0.35302734375 0.0205078125 0.02734375
0 0.4482421875 0.197265625 0.0146484375 0.0126953125
0 0.30126953125 0.61083984375 0.0078125 0.009765625
0 0.66064453125 0.4482421875 0.013671875 0.0166015625
0 0.5595703125 0.1923828125 0.0107421875 0.0126953125
0 0.51220703125 0.2587890625 0.01171875 0.0146484375
0 0.52880859375 0.46728515625 0.013671875 0.015625
0 0.6484375 0.38427734375 0.0166015625 0.01953125
0 0.5791015625 0.1845703125 0.0126953125 0.0224609375
0 0.3525390625 0.56884765625 0.0166015625 0.013671875
0 0.5439453125 0.0576171875 0.01171875 0.0185546875
0 0.58837890625 0.0888671875 0.005859375 0.0107421875
0 0.5888671875 0.1298828125 0.0078125 0.013671875
0 0.6015625 0.1806640625 0.01171875 0.015625
0 0.62548828125 0.18212890625 0.005859375 0.01171875
0 0.587890625 0.197265625 0.0078125 0.005859375
0 0.5888671875 0.20703125 0.009765625 0.005859375
0 0.56640625 0.22998046875 0.0048828125 0.0087890625
0 0.53955078125 0.1982421875 0.005859375 0.01171875
0 0.46337890625 0.1142578125 0.005859375 0.009765625
0 0.4697265625 0.1162109375 0.005859375 0.005859375
0 0.5107421875 0.056640625 0.00390625 0.0078125
0 0.3740234375 0.1552734375 0.00390625 0.005859375
0 0.466796875 0.1904296875 0.00390625 0.0078125
0 0.482421875 0.2294921875 0.005859375 0.0107421875
0 0.4052734375 0.2734375 0.00390625 0.009765625
0 0.27587890625 0.2685546875 0.0107421875 0.0087890625
0 0.26904296875 0.28515625 0.005859375 0.009765625
0 0.2705078125 0.31494140625 0.009765625 0.01953125
0 0.310546875 0.30078125 0.0087890625 0.0107421875
0 0.31640625 0.32177734375 0.005859375 0.01171875
0 0.294921875 0.3935546875 0.005859375 0.01171875
0 0.27294921875 0.43603515625 0.0078125 0.01171875
0 0.1982421875 0.4658203125 0.009765625 0.009765625
0 0.181640625 0.43115234375 0.005859375 0.0087890625
0 0.328125 0.48828125 0.0068359375 0.009765625
0 0.39111328125 0.39990234375 0.01171875 0.013671875
0 0.4267578125 0.36181640625 0.005859375 0.0068359375
0 0.29296875 0.58447265625 0.009765625 0.0078125
0 0.224609375 0.6015625 0.0068359375 0.009765625
0 0.2421875 0.68115234375 0.01171875 0.0126953125
0 0.22607421875 0.6357421875 0.0087890625 0.0087890625
0 0.2626953125 0.6728515625 0.0078125 0.01171875
0 0.328125 0.6806640625 0.0087890625 0.013671875
0 0.38427734375 0.78271484375 0.0087890625 0.0107421875
0 0.36181640625 0.787109375 0.005859375 0.009765625
0 0.4580078125 0.8271484375 0.0068359375 0.0087890625
0 0.39794921875 0.77392578125 0.009765625 0.0126953125
0 0.46142578125 0.71337890625 0.009765625 0.013671875
0 0.4794921875 0.728515625 0.0078125 0.009765625
0 0.50244140625 0.7138671875 0.005859375 0.01171875
0 0.49169921875 0.76025390625 0.005859375 0.009765625
0 0.4775390625 0.8056640625 0.005859375 0.009765625
0 0.39208984375 0.5166015625 0.017578125 0.0283203125
0 0.40283203125 0.54931640625 0.0078125 0.009765625
0 0.42041015625 0.53662109375 0.013671875 0.013671875
0 0.4072265625 0.5712890625 0.0078125 0.0107421875
0 0.42529296875 0.576171875 0.01171875 0.013671875
0 0.43310546875 0.63671875 0.013671875 0.01953125
0 0.41943359375 0.64990234375 0.0048828125 0.0068359375
0 0.43115234375 0.66943359375 0.00390625 0.0078125
0 0.52734375 0.765625 0.009765625 0.01171875
0 0.53369140625 0.76953125 0.0068359375 0.0087890625
0 0.56005859375 0.6943359375 0.0078125 0.0126953125
0 0.56396484375 0.671875 0.0048828125 0.0087890625
0 0.6083984375 0.69189453125 0.0078125 0.01171875
0 0.541015625 0.6259765625 0.0068359375 0.005859375
0 0.51953125 0.5712890625 0.0078125 0.013671875
0 0.51171875 0.59716796875 0.01171875 0.0234375
0 0.47998046875 0.5087890625 0.005859375 0.009765625
0 0.5244140625 0.53662109375 0.005859375 0.0078125
0 0.6162109375 0.46044921875 0.009765625 0.013671875
0 0.5849609375 0.51220703125 0.005859375 0.0107421875
0 0.5712890625 0.53369140625 0.0107421875 0.009765625
0 0.5576171875 0.54736328125 0.005859375 0.005859375
0 0.6552734375 0.658203125 0.0078125 0.0126953125
0 0.69580078125 0.646484375 0.0078125 0.009765625
0 0.68701171875 0.541015625 0.0078125 0.0107421875
0 0.74755859375 0.55224609375 0.005859375 0.0078125
0 0.73291015625 0.4892578125 0.0087890625 0.01171875
0 0.67431640625 0.48095703125 0.0107421875 0.01171875
0 0.72314453125 0.42236328125 0.0078125 0.01171875
0 0.75830078125 0.427734375 0.005859375 0.01171875
0 0.72412109375 0.3662109375 0.0068359375 0.0126953125
0 0.73291015625 0.3623046875 0.005859375 0.009765625
0 0.7607421875 0.33251953125 0.0048828125 0.009765625
0 0.63916015625 0.421875 0.0068359375 0.0078125
0 0.58447265625 0.36962890625 0.0078125 0.009765625
0 0.51904296875 0.3671875 0.00390625 0.0068359375
0 0.6513671875 0.4365234375 0.005859375 0.0078125
0 0.6513671875 0.2373046875 0.0078125 0.01171875
0 0.60791015625 0.25537109375 0.0078125 0.0087890625
0 0.6904296875 0.2412109375 0.0078125 0.0087890625
0 0.69384765625 0.26513671875 0.009765625 0.01171875