0 0.70458984375 0.41748046875 0.01953125 0.015625
0 0.5654296875 0.47998046875 0.0302734375 0.021484375
0 0.81982421875 0.74609375 0.0234375 0.0146484375
0 0.423828125 0.86962890625 0.0224609375 0.015625
0 0.53857421875 0.314453125 0.01953125 0.0126953125
0 0.56298828125 0.60498046875 0.01171875 0.013671875
0 0.87451171875 0.70556640625 0.009765625 0.009765625
0 0.65576171875 0.58935546875 0.013671875 0.01171875
0 0.85791015625 0.6845703125 0.009765625 0.009765625
0 0.7998046875 0.421875 0.0185546875 0.0185546875
0 0.3828125 0.8310546875 0.0107421875 0.0126953125
0 0.84619140625 0.646484375 0.021484375 0.0126953125
0 0.3623046875 0.65673828125 0.0244140625 0.01953125
0 0.8720703125 0.50390625 0.0146484375 0.0107421875
0 0.21875 0.67333984375 0.0126953125 0.01171875
0 0.30029296875 0.7236328125 0.021484375 0.0166015625
0 0.80615234375 0.7607421875 0.0078125 0.0087890625
0 0.732421875 0.6875 0.0283203125 0.0185546875
0 0.54541015625 0.5322265625 0.0234375 0.0224609375
0 0.626953125 0.4638671875 0.0126953125 0.0146484375
0 0.5087890625 0.650390625 0.0166015625 0.0185546875
0 0.701171875 0.701171875 0.0146484375 0.0126953125
0 0.91259765625 0.54150390625 0.0078125 0.0078125
0 0.94287109375 0.6357421875 0.02734375 0.0107421875
0 0.9208984375 0.6806640625 0.009765625 0.0068359375
0 0.9091796875 0.708984375 0.0087890625 0.005859375
0 0.90087890625 0.6845703125 0.0087890625 0.005859375
0 0.88427734375 0.5859375 0.01171875 0.0078125
0 0.87890625 0.462890625 0.009765625 0.0078125
0 0.8671875 0.44482421875 0.009765625 0.0078125
0 0.7607421875 0.49951171875 0.01171875 0.0078125
0 0.71142578125 0.47607421875 0.009765625 0.0048828125
0 0.6708984375 0.3974609375 0.015625 0.0078125
0 0.6708984375 0.33935546875 0.009765625 0.0078125
0 0.6669921875 0.4912109375 0.01171875 0.0078125
0 0.59326171875 0.41455078125 0.0078125 0.0068359375
0 0.5791015625 0.41796875 0.0087890625 0.00390625
0 0.6025390625 0.33349609375 0.017578125 0.01171875
0 0.501953125 0.3154296875 0.015625 0.0078125
0 0.45849609375 0.314453125 0.0078125 0.0068359375
0 0.44970703125 0.36669921875 0.0126953125 0.0078125
0 0.39306640625 0.32568359375 0.009765625 0.009765625
0 0.47802734375 0.40869140625 0.015625 0.009765625
0 0.49267578125 0.45263671875 0.0126953125 0.0078125
0 0.5 0.51171875 0.015625 0.0087890625
0 0.4296875 0.42724609375 0.0107421875 0.0078125
0 0.419921875 0.42919921875 0.01171875 0.005859375
0 0.40966796875 0.44140625 0.01171875 0.0078125
0 0.3896484375 0.45458984375 0.013671875 0.0078125
0 0.36083984375 0.40087890625 0.0146484375 0.009765625
0 0.30078125 0.39794921875 0.01171875 0.0078125
0 0.3251953125 0.42236328125 0.0126953125 0.0078125
0 0.306640625 0.4189453125 0.0078125 0.005859375
0 0.279296875 0.408203125 0.0078125 0.0068359375
0 0.26025390625 0.388671875 0.013671875 0.0078125
0 0.30712890625 0.46240234375 0.01171875 0.0087890625
0 0.34375 0.474609375 0.009765625 0.0078125
0 0.2724609375 0.44189453125 0.009765625 0.0078125
0 0.2763671875 0.4873046875 0.009765625 0.00390625
0 0.2314453125 0.49267578125 0.0107421875 0.005859375
0 0.19873046875 0.494140625 0.013671875 0.009765625
0 0.2197265625 0.4970703125 0.0078125 0.0078125
0 0.212890625 0.45361328125 0.0078125 0.005859375
0 0.22119140625 0.548828125 0.0078125 0.005859375
0 0.306640625 0.5078125 0.005859375 0.0078125
0 0.31396484375 0.505859375 0.009765625 0.005859375
0 0.3623046875 0.583984375 0.015625 0.01171875
0 0.2578125 0.59765625 0.0205078125 0.0146484375
0 0.20166015625 0.646484375 0.021484375 0.015625
0 0.3076171875 0.62158203125 0.017578125 0.009765625
0 0.4052734375 0.615234375 0.017578125 0.01171875
0 0.3544921875 0.67724609375 0.0146484375 0.009765625
0 0.31884765625 0.681640625 0.009765625 0.0078125
0 0.29443359375 0.6689453125 0.009765625 0.0048828125
0 0.26220703125 0.697265625 0.009765625 0.005859375
0 0.26806640625 0.7685546875 0.01171875 0.0078125
0 0.267578125 0.76025390625 0.0087890625 0.005859375
0 0.39306640625 0.78173828125 0.009765625 0.0078125
0 0.39208984375 0.80517578125 0.01171875 0.00390625
0 0.44970703125 0.791015625 0.0078125 0.0068359375
0 0.46142578125 0.8046875 0.0107421875 0.0087890625
0 0.69775390625 0.58154296875 0.0146484375 0.009765625
0 0.52978515625 0.623046875 0.01171875 0.005859375
0 0.5380859375 0.7314453125 0.017578125 0.01171875
0 0.54931640625 0.7900390625 0.01171875 0.0078125
0 0.5361328125 0.7939453125 0.0087890625 0.0068359375
0 0.5205078125 0.8037109375 0.0078125 0.0068359375
0 0.5380859375 0.833984375 0.017578125 0.0078125
0 0.64697265625 0.76904296875 0.013671875 0.0078125
0 0.65869140625 0.68798828125 0.015625 0.009765625
0 0.6279296875 0.658203125 0.009765625 0.009765625
0 0.67822265625 0.830078125 0.0087890625 0.0078125
0 0.72119140625 0.79150390625 0.0146484375 0.01171875
0 0.728515625 0.802734375 0.009765625 0.0078125
0 0.751953125 0.75341796875 0.009765625 0.005859375
0 0.787109375 0.65576171875 0.013671875 0.009765625
0 0.83642578125 0.77001953125 0.015625 0.013671875