0 0.29541015625 0.58251953125 0.01953125 0.015625
0 0.4345703125 0.52001953125 0.0302734375 0.021484375
0 0.18017578125 0.25390625 0.0234375 0.015625
0 0.576171875 0.13037109375 0.0224609375 0.015625
0 0.46142578125 0.685546875 0.01953125 0.0126953125
0 0.43701171875 0.39501953125 0.01171875 0.013671875
0 0.12548828125 0.29443359375 0.009765625 0.009765625
0 0.34423828125 0.41064453125 0.013671875 0.01171875
0 0.14208984375 0.3154296875 0.009765625 0.009765625
0 0.2001953125 0.578125 0.0185546875 0.0185546875
0 0.6171875 0.1689453125 0.0107421875 0.0126953125
0 0.15380859375 0.353515625 0.021484375 0.0126953125
0 0.6376953125 0.34326171875 0.0244140625 0.01953125
0 0.1279296875 0.49609375 0.0146484375 0.0107421875
0 0.78125 0.32666015625 0.0126953125 0.01171875
0 0.69970703125 0.2763671875 0.021484375 0.0166015625
0 0.19384765625 0.2392578125 0.0078125 0.0087890625
0 0.267578125 0.3125 0.0283203125 0.0185546875
0 0.45458984375 0.4677734375 0.0234375 0.0224609375
0 0.373046875 0.5361328125 0.0126953125 0.0146484375
0 0.4912109375 0.349609375 0.0166015625 0.0185546875
0 0.298828125 0.298828125 0.0146484375 0.0126953125
0 0.08740234375 0.45849609375 0.0078125 0.0078125
0 0.05712890625 0.3642578125 0.02734375 0.009765625
0 0.0791015625 0.3193359375 0.009765625 0.0068359375
0 0.0908203125 0.291015625 0.0087890625 0.005859375
0 0.09912109375 0.3154296875 0.0087890625 0.005859375
0 0.11572265625 0.4140625 0.01171875 0.0078125
0 0.12109375 0.537109375 0.009765625 0.0078125
0 0.1328125 0.55517578125 0.009765625 0.0078125
0 0.2392578125 0.50048828125 0.01171875 0.0078125
0 0.28857421875 0.52392578125 0.009765625 0.0048828125
0 0.3291015625 0.6025390625 0.015625 0.0078125
0 0.3291015625 0.66064453125 0.009765625 0.0078125
0 0.3330078125 0.5087890625 0.01171875 0.0078125
0 0.40673828125 0.58544921875 0.0078125 0.0068359375
0 0.4208984375 0.58203125 0.0087890625 0.00390625
0 0.3974609375 0.66650390625 0.017578125 0.01171875
0 0.498046875 0.6845703125 0.015625 0.0078125
0 0.54150390625 0.685546875 0.0078125 0.0068359375
0 0.55029296875 0.63330078125 0.0126953125 0.0078125
0 0.60693359375 0.67431640625 0.009765625 0.009765625
0 0.52197265625 0.59130859375 0.015625 0.009765625
0 0.50732421875 0.54736328125 0.0126953125 0.0078125
0 0.5 0.48828125 0.015625 0.0087890625
0 0.5703125 0.57275390625 0.0107421875 0.0078125
0 0.580078125 0.57080078125 0.01171875 0.005859375
0 0.59033203125 0.55859375 0.01171875 0.0078125
0 0.6103515625 0.54541015625 0.013671875 0.0078125
0 0.63916015625 0.59912109375 0.0146484375 0.009765625
0 0.69921875 0.60205078125 0.01171875 0.0078125
0 0.6748046875 0.57763671875 0.0126953125 0.0078125
0 0.693359375 0.5810546875 0.0078125 0.005859375
0 0.720703125 0.591796875 0.0078125 0.0068359375
0 0.73974609375 0.611328125 0.013671875 0.0078125
0 0.69287109375 0.53759765625 0.01171875 0.0087890625
0 0.65625 0.525390625 0.009765625 0.0078125
0 0.7275390625 0.55810546875 0.009765625 0.0078125
0 0.7236328125 0.5126953125 0.009765625 0.00390625
0 0.7685546875 0.50732421875 0.0107421875 0.005859375
0 0.80126953125 0.505859375 0.013671875 0.009765625
0 0.7802734375 0.5029296875 0.0078125 0.0078125
0 0.787109375 0.54638671875 0.0078125 0.005859375
0 0.77880859375 0.451171875 0.0078125 0.005859375
0 0.693359375 0.4921875 0.005859375 0.0078125
0 0.68603515625 0.494140625 0.009765625 0.005859375
0 0.6376953125 0.416015625 0.015625 0.01171875
0 0.7421875 0.40234375 0.0205078125 0.0146484375
0 0.79833984375 0.353515625 0.021484375 0.015625
0 0.6923828125 0.37841796875 0.017578125 0.009765625
0 0.5947265625 0.384765625 0.017578125 0.01171875
0 0.6455078125 0.32275390625 0.0146484375 0.009765625
0 0.68115234375 0.318359375 0.009765625 0.0078125
0 0.70556640625 0.3310546875 0.009765625 0.0048828125
0 0.73779296875 0.302734375 0.009765625 0.005859375
0 0.73193359375 0.2314453125 0.01171875 0.0078125
0 0.732421875 0.23974609375 0.0087890625 0.005859375
0 0.60693359375 0.21826171875 0.009765625 0.0078125
0 0.60791015625 0.19482421875 0.01171875 0.00390625
0 0.55029296875 0.208984375 0.0078125 0.0068359375
0 0.53857421875 0.1953125 0.0107421875 0.0087890625
0 0.30224609375 0.41845703125 0.0146484375 0.009765625
0 0.47021484375 0.376953125 0.01171875 0.005859375
0 0.4619140625 0.2685546875 0.017578125 0.01171875
0 0.45068359375 0.2099609375 0.01171875 0.0078125
0 0.4638671875 0.2060546875 0.0087890625 0.0068359375
0 0.4794921875 0.1962890625 0.0078125 0.0068359375
0 0.4619140625 0.166015625 0.017578125 0.0078125
0 0.35302734375 0.23095703125 0.013671875 0.0078125
0 0.34130859375 0.31201171875 0.015625 0.009765625
0 0.3720703125 0.341796875 0.009765625 0.009765625
0 0.32177734375 0.169921875 0.0087890625 0.0078125
0 0.27880859375 0.20849609375 0.0146484375 0.01171875
0 0.271484375 0.197265625 0.009765625 0.0078125
0 0.248046875 0.24658203125 0.009765625 0.005859375
0 0.212890625 0.34423828125 0.013671875 0.009765625
0 0.16357421875 0.22998046875 0.015625 0.013671875