0 0.64990234375 0.46875 0.048828125 0.0361328125
0 0.16748046875 0.380859375 0.048828125 0.0400390625
0 0.392578125 0.623046875 0.0400390625 0.0224609375
0 0.41552734375 0.39697265625 0.046875 0.03515625
0 0.53955078125 0.3486328125 0.044921875 0.0341796875
0 0.568359375 0.63720703125 0.033203125 0.033203125
0 0.6875 0.40478515625 0.0478515625 0.033203125
0 0.15771484375 0.6748046875 0.03515625 0.0224609375
0 0.54443359375 0.53564453125 0.029296875 0.021484375
0 0.6962890625 0.578125 0.0400390625 0.0322265625
0 0.73583984375 0.35546875 0.037109375 0.0263671875
0 0.17919921875 0.53173828125 0.033203125 0.02734375
0 0.40576171875 0.484375 0.05078125 0.041015625
0 0.4873046875 0.47900390625 0.0458984375 0.03515625
0 0.58642578125 0.53125 0.041015625 0.0263671875
0 0.607421875 0.31787109375 0.0400390625 0.033203125
0 0.27685546875 0.33154296875 0.05859375 0.05078125
0 0.51708984375 0.623046875 0.04296875 0.0400390625
0 0.439453125 0.48193359375 0.0283203125 0.0234375
0 0.72802734375 0.439453125 0.04296875 0.0341796875
0 0.31982421875 0.3173828125 0.037109375 0.0322265625
0 0.095703125 0.45166015625 0.0361328125 0.03515625
0 0.33154296875 0.26904296875 0.03125 0.029296875
0 0.23828125 0.451171875 0.0537109375 0.0419921875
0 0.55517578125 0.4970703125 0.017578125 0.0107421875
0 0.6142578125 0.58837890625 0.0400390625 0.02734375
0 0.302734375 0.46337890625 0.052734375 0.041015625
0 0.50390625 0.3134765625 0.0400390625 0.0361328125
0 0.35791015625 0.44189453125 0.0302734375 0.025390625
0 0.63525390625 0.6630859375 0.04296875 0.0400390625
0 0.431640625 0.51171875 0.03125 0.0224609375
0 0.3017578125 0.50634765625 0.0302734375 0.0234375
0 0.52197265625 0.39111328125 0.04296875 0.029296875
0 0.345703125 0.46484375 0.0283203125 0.0244140625
0 0.5283203125 0.2587890625 0.0439453125 0.0341796875
0 0.55615234375 0.4345703125 0.033203125 0.0283203125
0 0.111328125 0.375 0.0380859375 0.0224609375
0 0.2080078125 0.50439453125 0.02734375 0.021484375
0 0.30419921875 0.5439453125 0.03515625 0.0283203125
0 0.47900390625 0.7275390625 0.03515625 0.0322265625
0 0.36279296875 0.4951171875 0.033203125 0.025390625
0 0.6982421875 0.38916015625 0.0341796875 0.025390625
0 0.314453125 0.5732421875 0.013671875 0.013671875
0 0.74658203125 0.60888671875 0.013671875 0.013671875
0 0.64453125 0.49755859375 0.0380859375 0.03125
0 0.05078125 0.4306640625 0.0419921875 0.0302734375
0 0.208984375 0.29931640625 0.033203125 0.025390625
0 0.4345703125 0.533203125 0.0361328125 0.0283203125
0 0.501953125 0.521484375 0.0322265625 0.0244140625
0 0.4541015625 0.740234375 0.0205078125 0.015625
0 0.33203125 0.5283203125 0.0244140625 0.0166015625
0 0.12646484375 0.39013671875 0.033203125 0.0234375
0 0.6181640625 0.50048828125 0.0302734375 0.02734375
0 0.35693359375 0.71240234375 0.041015625 0.033203125
0 0.36865234375 0.59423828125 0.083984375 0.037109375
0 0.16162109375 0.46240234375 0.04296875 0.03515625
0 0.57958984375 0.7314453125 0.0234375 0.0185546875
0 0.3125 0.76123046875 0.0283203125 0.01953125
0 0.27685546875 0.49755859375 0.033203125 0.02734375
0 0.2763671875 0.58984375 0.0322265625 0.0263671875
0 0.3740234375 0.32568359375 0.03125 0.021484375
0 0.3076171875 0.427734375 0.0546875 0.0400390625
0 0.203125 0.26806640625 0.0107421875 0.01171875
0 0.38232421875 0.5224609375 0.021484375 0.013671875
0 0.1279296875 0.33837890625 0.0341796875 0.021484375
0 0.3623046875 0.77880859375 0.0263671875 0.017578125
0 0.388671875 0.67138671875 0.0185546875 0.01171875
0 0.75 0.46240234375 0.03125 0.0302734375
0 0.20703125 0.330078125 0.017578125 0.017578125
0 0.2666015625 0.52001953125 0.0302734375 0.0234375
0 0.46826171875 0.56396484375 0.03515625 0.033203125
0 0.34326171875 0.427734375 0.009765625 0.0107421875
0 0.40966796875 0.5810546875 0.0234375 0.0205078125
0 0.3701171875 0.47314453125 0.01171875 0.009765625
0 0.50732421875 0.46337890625 0.015625 0.013671875
0 0.34228515625 0.63037109375 0.03125 0.025390625
0 0.33642578125 0.486328125 0.01953125 0.0146484375
0 0.3623046875 0.55126953125 0.076171875 0.044921875
0 0.3759765625 0.5986328125 0.01953125 0.013671875
0 0.7451171875 0.39404296875 0.0361328125 0.025390625
0 0.37646484375 0.48486328125 0.015625 0.0126953125
0 0.3896484375 0.7763671875 0.0400390625 0.0263671875
0 0.4423828125 0.40234375 0.0146484375 0.0126953125
0 0.3779296875 0.29541015625 0.0302734375 0.02734375
0 0.0986328125 0.66748046875 0.0263671875 0.021484375
0 0.7158203125 0.4658203125 0.025390625 0.0283203125
0 0.69775390625 0.36962890625 0.021484375 0.017578125
0 0.3232421875 0.56982421875 0.046875 0.033203125
0 0.42822265625 0.37890625 0.03125 0.0302734375
0 0.28759765625 0.5302734375 0.013671875 0.0146484375
0 0.2412109375 0.62548828125 0.0302734375 0.025390625
0 0.21337890625 0.55517578125 0.017578125 0.01953125
0 0.6123046875 0.4091796875 0.0263671875 0.0244140625
0 0.3525390625 0.6650390625 0.021484375 0.017578125
0 0.626953125 0.6044921875 0.0234375 0.0166015625
0 0.65966796875 0.3388671875 0.01953125 0.0166015625
0 0.2470703125 0.3701171875 0.0146484375 0.0126953125
0 0.6396484375 0.572265625 0.0185546875 0.0166015625
0 0.701171875 0.66357421875 0.0302734375 0.0234375
0 0.2880859375 0.66064453125 0.0166015625 0.015625
0 0.560546875 0.462890625 0.0224609375 0.0166015625
0 0.35986328125 0.52294921875 0.015625 0.01171875
0 0.267578125 0.38818359375 0.0224609375 0.017578125
0 0.3681640625 0.58544921875 0.0205078125 0.017578125
0 0.603515625 0.70068359375 0.0146484375 0.01171875
0 0.7177734375 0.56591796875 0.0205078125 0.015625
0 0.24267578125 0.66455078125 0.01171875 0.013671875
0 0.365234375 0.4423828125 0.0185546875 0.0166015625
0 0.32666015625 0.78271484375 0.037109375 0.029296875
0 0.41064453125 0.70068359375 0.158203125 0.12890625
0 0.47412109375 0.7861328125 0.048828125 0.0458984375
0 0.40380859375 0.79833984375 0.0185546875 0.0087890625
0 0.4482421875 0.7939453125 0.01171875 0.0078125
0 0.41943359375 0.78173828125 0.041015625 0.048828125
0 0.34033203125 0.74462890625 0.013671875 0.0107421875
0 0.29638671875 0.7861328125 0.01171875 0.009765625
0 0.3271484375 0.74169921875 0.0087890625 0.005859375
0 0.3544921875 0.73681640625 0.015625 0.01171875
0 0.3720703125 0.7373046875 0.0185546875 0.0166015625
0 0.3857421875 0.74365234375 0.013671875 0.01171875
0 0.44921875 0.75244140625 0.005859375 0.005859375
0 0.2216796875 0.70556640625 0.01171875 0.0107421875
0 0.2333984375 0.736328125 0.173828125 0.1201171875
0 0.27001953125 0.6630859375 0.0107421875 0.009765625
0 0.15966796875 0.609375 0.029296875 0.015625
0 0.14892578125 0.56982421875 0.02734375 0.017578125
0 0.06103515625 0.5751953125 0.05078125 0.0380859375
0 0.05029296875 0.62890625 0.02734375 0.0224609375
0 0.0341796875 0.5361328125 0.0126953125 0.0107421875
0 0.01904296875 0.4765625 0.025390625 0.0224609375
0 0.033203125 0.49951171875 0.0107421875 0.0087890625
0 0.53759765625 0.69287109375 0.01953125 0.0126953125
0 0.50537109375 0.65771484375 0.0166015625 0.013671875
0 0.4765625 0.6572265625 0.0234375 0.01953125
0 0.4541015625 0.6328125 0.0166015625 0.01171875
0 0.373046875 0.6572265625 0.01953125 0.0185546875
0 0.48095703125 0.69384765625 0.01171875 0.0068359375
0 0.53955078125 0.74072265625 0.01171875 0.005859375
0 0.6611328125 0.66357421875 0.021484375 0.0166015625
0 0.66650390625 0.6494140625 0.029296875 0.021484375
0 0.6708984375 0.69482421875 0.013671875 0.015625
0 0.634765625 0.74365234375 0.01171875 0.0087890625
0 0.77001953125 0.6123046875 0.021484375 0.021484375
0 0.7177734375 0.59423828125 0.03515625 0.02734375
0 0.732421875 0.55078125 0.01171875 0.0087890625
0 0.64501953125 0.5576171875 0.009765625 0.005859375
0 0.60009765625 0.5595703125 0.015625 0.009765625
0 0.6259765625 0.626953125 0.0244140625 0.0166015625
0 0.65478515625 0.53955078125 0.01953125 0.0126953125
0 0.78857421875 0.560546875 0.0166015625 0.009765625
0 0.78125 0.55126953125 0.029296875 0.009765625
0 0.7890625 0.5380859375 0.0234375 0.0166015625
0 0.78857421875 0.455078125 0.017578125 0.0380859375
0 0.77001953125 0.40576171875 0.015625 0.013671875
0 0.779296875 0.4150390625 0.025390625 0.0302734375
0 0.66357421875 0.47998046875 0.0166015625 0.01171875
0 0.60205078125 0.5166015625 0.025390625 0.017578125
0 0.73388671875 0.3408203125 0.021484375 0.013671875
0 0.697265625 0.306640625 0.0234375 0.015625
0 0.58349609375 0.24072265625 0.025390625 0.01171875
0 0.6357421875 0.25927734375 0.013671875 0.005859375
0 0.59033203125 0.287109375 0.017578125 0.01171875
0 0.57177734375 0.37646484375 0.025390625 0.0234375
0 0.580078125 0.4638671875 0.015625 0.0078125
0 0.42578125 0.58349609375 0.01171875 0.0087890625
0 0.5341796875 0.41357421875 0.025390625 0.01171875
0 0.46728515625 0.212890625 0.04296875 0.01171875
0 0.458984375 0.36474609375 0.009765625 0.0087890625
0 0.36474609375 0.35791015625 0.041015625 0.02734375
0 0.32666015625 0.212890625 0.078125 0.0361328125
0 0.28564453125 0.2578125 0.021484375 0.013671875
0 0.2158203125 0.24609375 0.037109375 0.0234375
0 0.2158203125 0.4296875 0.015625 0.013671875
0 0.04736328125 0.6083984375 0.02734375 0.0205078125
0 0.25439453125 0.55517578125 0.0234375 0.009765625
0 0.23046875 0.55224609375 0.015625 0.025390625
0 0.2470703125 0.54345703125 0.017578125 0.017578125
0 0.26318359375 0.607421875 0.009765625 0.005859375
0 0.27587890625 0.453125 0.0126953125 0.009765625
0 0.2763671875 0.4375 0.009765625 0.009765625
0 0.27783203125 0.42041015625 0.005859375 0.005859375
0 0.3388671875 0.41650390625 0.009765625 0.0078125
0 0.3466796875 0.5927734375 0.01171875 0.0078125
0 0.357421875 0.60009765625 0.009765625 0.009765625
0 0.341796875 0.5673828125 0.009765625 0.005859375
0 0.33740234375 0.54345703125 0.009765625 0.0078125
0 0.35302734375 0.54736328125 0.01171875 0.0087890625
0 0.36572265625 0.55517578125 0.005859375 0.005859375
0 0.38330078125 0.5390625 0.013671875 0.009765625
0 0.36083984375 0.53125 0.005859375 0.00390625
0 0.39794921875 0.5224609375 0.015625 0.009765625
0 0.388671875 0.45458984375 0.04296875 0.0341796875