0 0.64990234375 0.53125 0.048828125 0.0361328125
0 0.16748046875 0.619140625 0.048828125 0.0400390625
0 0.392578125 0.376953125 0.0400390625 0.0224609375
0 0.41552734375 0.60302734375 0.046875 0.03515625
0 0.53955078125 0.6513671875 0.044921875 0.0341796875
0 0.568359375 0.36279296875 0.033203125 0.033203125
0 0.6875 0.59521484375 0.0478515625 0.033203125
0 0.15771484375 0.3251953125 0.03515625 0.0224609375
0 0.54443359375 0.46435546875 0.029296875 0.021484375
0 0.6962890625 0.421875 0.0400390625 0.0322265625
0 0.73583984375 0.64453125 0.037109375 0.0263671875
0 0.17919921875 0.46826171875 0.033203125 0.02734375
0 0.40576171875 0.515625 0.05078125 0.041015625
0 0.4873046875 0.52099609375 0.0458984375 0.03515625
0 0.58642578125 0.46875 0.041015625 0.0263671875
0 0.607421875 0.68212890625 0.0400390625 0.033203125
0 0.27685546875 0.66845703125 0.05859375 0.05078125
0 0.51708984375 0.376953125 0.04296875 0.0400390625
0 0.439453125 0.51806640625 0.0283203125 0.0234375
0 0.72802734375 0.560546875 0.04296875 0.0341796875
0 0.31982421875 0.6826171875 0.037109375 0.0322265625
0 0.095703125 0.54833984375 0.0361328125 0.03515625
0 0.33154296875 0.73095703125 0.03125 0.029296875
0 0.23828125 0.548828125 0.0537109375 0.0419921875
0 0.55517578125 0.5029296875 0.017578125 0.0107421875
0 0.6142578125 0.41162109375 0.0400390625 0.02734375
0 0.302734375 0.53662109375 0.052734375 0.041015625
0 0.50390625 0.6865234375 0.0400390625 0.0361328125
0 0.35791015625 0.55810546875 0.0302734375 0.025390625
0 0.63525390625 0.3369140625 0.04296875 0.0400390625
0 0.431640625 0.48828125 0.03125 0.0224609375
0 0.3017578125 0.49365234375 0.0302734375 0.0234375
0 0.52197265625 0.60888671875 0.04296875 0.029296875
0 0.345703125 0.53515625 0.0283203125 0.0244140625
0 0.5283203125 0.7412109375 0.0439453125 0.0341796875
0 0.55615234375 0.5654296875 0.033203125 0.0283203125
0 0.111328125 0.625 0.0380859375 0.0224609375
0 0.2080078125 0.49560546875 0.02734375 0.021484375
0 0.30419921875 0.4560546875 0.03515625 0.0283203125
0 0.47900390625 0.2724609375 0.03515625 0.0322265625
0 0.36279296875 0.5048828125 0.033203125 0.025390625
0 0.6982421875 0.61083984375 0.0341796875 0.025390625
0 0.314453125 0.4267578125 0.013671875 0.013671875
0 0.74658203125 0.39111328125 0.013671875 0.013671875
0 0.64453125 0.50244140625 0.0380859375 0.03125
0 0.05078125 0.5693359375 0.0419921875 0.0302734375
0 0.208984375 0.70068359375 0.033203125 0.025390625
0 0.4345703125 0.466796875 0.0361328125 0.0283203125
0 0.501953125 0.478515625 0.0322265625 0.0244140625
0 0.4541015625 0.259765625 0.0205078125 0.015625
0 0.33203125 0.4716796875 0.0244140625 0.0166015625
0 0.12646484375 0.60986328125 0.033203125 0.0234375
0 0.6181640625 0.49951171875 0.0302734375 0.02734375
0 0.35693359375 0.28759765625 0.041015625 0.033203125
0 0.36865234375 0.40576171875 0.083984375 0.037109375
0 0.16162109375 0.53759765625 0.04296875 0.03515625
0 0.57958984375 0.2685546875 0.0234375 0.0185546875
0 0.3125 0.23876953125 0.0283203125 0.01953125
0 0.27685546875 0.50244140625 0.033203125 0.02734375
0 0.2763671875 0.41015625 0.0322265625 0.0263671875
0 0.3740234375 0.67431640625 0.03125 0.021484375
0 0.3076171875 0.572265625 0.0546875 0.0400390625
0 0.203125 0.73193359375 0.0107421875 0.01171875
0 0.38232421875 0.4775390625 0.021484375 0.013671875
0 0.1279296875 0.66162109375 0.0341796875 0.021484375
0 0.3623046875 0.22119140625 0.0263671875 0.017578125
0 0.388671875 0.32861328125 0.0185546875 0.01171875
0 0.75 0.53759765625 0.03125 0.0302734375
0 0.20703125 0.669921875 0.017578125 0.017578125
0 0.2666015625 0.47998046875 0.0302734375 0.0234375
0 0.46826171875 0.43603515625 0.03515625 0.033203125
0 0.34326171875 0.572265625 0.009765625 0.0107421875
0 0.40966796875 0.4189453125 0.0234375 0.0205078125
0 0.3701171875 0.52685546875 0.01171875 0.009765625
0 0.50732421875 0.53662109375 0.015625 0.013671875
0 0.34228515625 0.36962890625 0.03125 0.025390625
0 0.33642578125 0.513671875 0.01953125 0.0146484375
0 0.3623046875 0.44873046875 0.076171875 0.044921875
0 0.3759765625 0.4013671875 0.01953125 0.013671875
0 0.7451171875 0.60595703125 0.0361328125 0.025390625
0 0.37646484375 0.51513671875 0.015625 0.0126953125
0 0.3896484375 0.2236328125 0.0400390625 0.0263671875
0 0.4423828125 0.59765625 0.0146484375 0.0126953125
0 0.3779296875 0.70458984375 0.0302734375 0.02734375
0 0.0986328125 0.33251953125 0.0263671875 0.021484375
0 0.7158203125 0.5341796875 0.025390625 0.0283203125
0 0.69775390625 0.63037109375 0.021484375 0.017578125
0 0.3232421875 0.43017578125 0.046875 0.033203125
0 0.42822265625 0.62109375 0.03125 0.0302734375
0 0.28759765625 0.4697265625 0.013671875 0.0146484375
0 0.2412109375 0.37451171875 0.0302734375 0.025390625
0 0.21337890625 0.44482421875 0.017578125 0.01953125
0 0.6123046875 0.5908203125 0.0263671875 0.0244140625
0 0.3525390625 0.3349609375 0.021484375 0.017578125
0 0.626953125 0.3955078125 0.0234375 0.0166015625
0 0.65966796875 0.6611328125 0.01953125 0.0166015625
0 0.2470703125 0.6298828125 0.0146484375 0.0126953125
0 0.6396484375 0.427734375 0.0185546875 0.0166015625
0 0.701171875 0.33642578125 0.0302734375 0.0234375
0 0.2880859375 0.33935546875 0.0166015625 0.015625
0 0.560546875 0.537109375 0.0224609375 0.0166015625
0 0.35986328125 0.47705078125 0.015625 0.01171875
0 0.267578125 0.61181640625 0.0224609375 0.017578125
0 0.3681640625 0.41455078125 0.0205078125 0.017578125
0 0.603515625 0.29931640625 0.0146484375 0.01171875
0 0.7177734375 0.43408203125 0.0205078125 0.015625
0 0.24267578125 0.33544921875 0.01171875 0.013671875
0 0.365234375 0.5576171875 0.0185546875 0.0166015625
0 0.32666015625 0.21728515625 0.037109375 0.029296875
0 0.41064453125 0.29931640625 0.158203125 0.12890625
0 0.47412109375 0.2138671875 0.048828125 0.0458984375
0 0.40380859375 0.20166015625 0.0185546875 0.0087890625
0 0.4482421875 0.2060546875 0.01171875 0.0078125
0 0.41943359375 0.21826171875 0.041015625 0.048828125
0 0.34033203125 0.25537109375 0.013671875 0.0107421875
0 0.29638671875 0.2138671875 0.01171875 0.009765625
0 0.3271484375 0.25830078125 0.0087890625 0.005859375
0 0.3544921875 0.26318359375 0.015625 0.01171875
0 0.3720703125 0.2626953125 0.0185546875 0.0166015625
0 0.3857421875 0.25634765625 0.013671875 0.01171875
0 0.44921875 0.24755859375 0.005859375 0.005859375
0 0.2216796875 0.29443359375 0.01171875 0.0107421875
0 0.2333984375 0.263671875 0.173828125 0.1201171875
0 0.27001953125 0.3369140625 0.0107421875 0.009765625
0 0.15966796875 0.390625 0.029296875 0.015625
0 0.14892578125 0.43017578125 0.02734375 0.017578125
0 0.06103515625 0.4248046875 0.05078125 0.037109375
0 0.05029296875 0.37109375 0.02734375 0.021484375
0 0.0341796875 0.4638671875 0.0126953125 0.0107421875
0 0.01904296875 0.5234375 0.025390625 0.0224609375
0 0.033203125 0.50048828125 0.0107421875 0.0087890625
0 0.53759765625 0.30712890625 0.01953125 0.0126953125
0 0.50537109375 0.34228515625 0.0166015625 0.013671875
0 0.4765625 0.3427734375 0.0234375 0.01953125
0 0.4541015625 0.3671875 0.0166015625 0.01171875
0 0.373046875 0.3427734375 0.01953125 0.0185546875
0 0.48095703125 0.30615234375 0.01171875 0.0068359375
0 0.53955078125 0.25927734375 0.01171875 0.005859375
0 0.6611328125 0.33642578125 0.021484375 0.0166015625
0 0.66650390625 0.3505859375 0.029296875 0.021484375
0 0.6708984375 0.30517578125 0.013671875 0.015625
0 0.634765625 0.25634765625 0.01171875 0.0087890625
0 0.77001953125 0.3876953125 0.021484375 0.021484375
0 0.7177734375 0.40576171875 0.03515625 0.02734375
0 0.732421875 0.44921875 0.01171875 0.0087890625
0 0.64501953125 0.4423828125 0.009765625 0.005859375
0 0.60009765625 0.4404296875 0.015625 0.009765625
0 0.6259765625 0.373046875 0.0244140625 0.0166015625
0 0.65478515625 0.46044921875 0.01953125 0.0126953125
0 0.78857421875 0.439453125 0.0166015625 0.009765625
0 0.78125 0.44873046875 0.029296875 0.009765625
0 0.7890625 0.4619140625 0.0234375 0.0166015625
0 0.78857421875 0.544921875 0.017578125 0.0380859375
0 0.77001953125 0.59423828125 0.015625 0.013671875
0 0.779296875 0.5849609375 0.025390625 0.0302734375
0 0.66357421875 0.52001953125 0.0166015625 0.01171875
0 0.60205078125 0.4833984375 0.025390625 0.017578125
0 0.73388671875 0.6591796875 0.021484375 0.013671875
0 0.697265625 0.693359375 0.0234375 0.015625
0 0.58349609375 0.75927734375 0.025390625 0.01171875
0 0.6357421875 0.74072265625 0.013671875 0.005859375
0 0.59033203125 0.712890625 0.017578125 0.01171875
0 0.57177734375 0.62353515625 0.025390625 0.0234375
0 0.580078125 0.5361328125 0.015625 0.0078125
0 0.42578125 0.41650390625 0.01171875 0.0087890625
0 0.5341796875 0.58642578125 0.025390625 0.01171875
0 0.46728515625 0.787109375 0.04296875 0.01171875
0 0.458984375 0.63525390625 0.009765625 0.0087890625
0 0.36474609375 0.64208984375 0.041015625 0.02734375
0 0.32666015625 0.787109375 0.078125 0.0361328125
0 0.28564453125 0.7421875 0.021484375 0.013671875
0 0.2158203125 0.75390625 0.037109375 0.0244140625
0 0.2158203125 0.5703125 0.015625 0.013671875
0 0.04736328125 0.3916015625 0.02734375 0.01953125
0 0.25439453125 0.44482421875 0.0234375 0.009765625
0 0.23046875 0.44775390625 0.015625 0.025390625
0 0.2470703125 0.45654296875 0.017578125 0.017578125
0 0.26318359375 0.392578125 0.009765625 0.005859375
0 0.27587890625 0.546875 0.0126953125 0.009765625
0 0.2763671875 0.5625 0.009765625 0.009765625
0 0.27783203125 0.57958984375 0.005859375 0.005859375
0 0.3388671875 0.58349609375 0.009765625 0.0078125
0 0.3466796875 0.4072265625 0.01171875 0.0078125
0 0.357421875 0.39990234375 0.009765625 0.009765625
0 0.341796875 0.4326171875 0.009765625 0.005859375
0 0.33740234375 0.45654296875 0.009765625 0.0078125
0 0.35302734375 0.45263671875 0.01171875 0.0087890625
0 0.36572265625 0.44482421875 0.005859375 0.005859375
0 0.38330078125 0.4609375 0.013671875 0.009765625
0 0.36083984375 0.46875 0.005859375 0.00390625
0 0.39794921875 0.4775390625 0.015625 0.009765625
0 0.388671875 0.54541015625 0.04296875 0.0341796875