0 0.8095703125 0.47900390625 0.0302734375 0.037109375
0 0.43896484375 0.73095703125 0.162109375 0.345703125
0 0.267578125 0.62451171875 0.0107421875 0.009765625
0 0.2373046875 0.5673828125 0.0458984375 0.0712890625
0 0.53271484375 0.80712890625 0.0234375 0.033203125
0 0.5703125 0.83154296875 0.0390625 0.05078125
0 0.55517578125 0.9365234375 0.025390625 0.017578125
0 0.478515625 0.89404296875 0.05078125 0.095703125
0 0.4931640625 0.86181640625 0.015625 0.025390625
0 0.5283203125 0.88037109375 0.07421875 0.1357421875
0 0.40380859375 0.7041015625 0.013671875 0.0185546875
0 0.36669921875 0.75927734375 0.017578125 0.015625
0 0.513671875 0.7607421875 0.02734375 0.0322265625
0 0.36328125 0.54052734375 0.03515625 0.044921875
0 0.31787109375 0.69287109375 0.140625 0.283203125
0 0.2880859375 0.4130859375 0.009765625 0.0146484375
0 0.29150390625 0.400390625 0.0078125 0.0146484375
0 0.3037109375 0.37451171875 0.005859375 0.009765625
0 0.3544921875 0.365234375 0.013671875 0.01953125
0 0.33349609375 0.412109375 0.005859375 0.009765625
0 0.34521484375 0.42041015625 0.005859375 0.009765625
0 0.3623046875 0.40185546875 0.0078125 0.013671875
0 0.39599609375 0.3916015625 0.0078125 0.013671875
0 0.4033203125 0.404296875 0.0068359375 0.0107421875
0 0.3251953125 0.3193359375 0.005859375 0.0087890625
0 0.40478515625 0.2509765625 0.0078125 0.013671875
0 0.48681640625 0.34228515625 0.1328125 0.0830078125
0 0.4951171875 0.28759765625 0.0849609375 0.0908203125
0 0.48974609375 0.1923828125 0.0068359375 0.0107421875
0 0.58154296875 0.2412109375 0.0234375 0.0166015625
0 0.3505859375 0.39306640625 0.26171875 0.4755859375
0 0.65087890625 0.2958984375 0.3173828125 0.2783203125
0 0.67431640625 0.6162109375 0.25390625 0.3564453125
0 0.82373046875 0.55078125 0.0263671875 0.08203125
0 0.72998046875 0.75927734375 0.1953125 0.287109375
0 0.72900390625 0.64599609375 0.0087890625 0.0107421875
0 0.591796875 0.55419921875 0.0087890625 0.0146484375
0 0.6767578125 0.47216796875 0.013671875 0.0205078125
0 0.50146484375 0.63818359375 0.013671875 0.02734375
0 0.78759765625 0.4921875 0.0078125 0.0146484375
0 0.63330078125 0.50146484375 0.005859375 0.0087890625
0 0.68798828125 0.38623046875 0.009765625 0.0107421875
0 0.7822265625 0.40478515625 0.0087890625 0.01171875
0 0.7041015625 0.337890625 0.0087890625 0.009765625
0 0.642578125 0.3486328125 0.015625 0.017578125
0 0.7353515625 0.31005859375 0.0126953125 0.0146484375