0 0.75830078125 0.65478515625 0.021484375 0.02734375
0 0.6201171875 0.15771484375 0.0107421875 0.009765625
0 0.7705078125 0.31591796875 0.1279296875 0.2265625
0 0.61328125 0.61962890625 0.482421875 0.4453125
0 0.43310546875 0.203125 0.3271484375 0.310546875
0 0.7705078125 0.48095703125 0.015625 0.021484375
0 0.73828125 0.61083984375 0.015625 0.01953125
0 0.51220703125 0.6044921875 0.01171875 0.017578125
0 0.59912109375 0.77880859375 0.052734375 0.0634765625
0 0.546875 0.7333984375 0.025390625 0.03515625
0 0.421875 0.7001953125 0.0634765625 0.0517578125
0 0.42822265625 0.7607421875 0.0341796875 0.0390625
0 0.26904296875 0.53662109375 0.01171875 0.0185546875
0 0.35791015625 0.4794921875 0.017578125 0.0234375
0 0.38623046875 0.466796875 0.013671875 0.013671875
0 0.6240234375 0.50146484375 0.0703125 0.078125
0 0.65234375 0.30224609375 0.0703125 0.099609375
0 0.5712890625 0.28759765625 0.0185546875 0.0166015625
0 0.72998046875 0.16796875 0.01171875 0.0146484375
0 0.453125 0.2919921875 0.046875 0.072265625
0 0.43994140625 0.26611328125 0.009765625 0.009765625
0 0.44775390625 0.2958984375 0.005859375 0.01171875
0 0.4521484375 0.32080078125 0.0048828125 0.009765625
0 0.51318359375 0.26123046875 0.005859375 0.009765625
0 0.26318359375 0.52880859375 0.033203125 0.2041015625
0 0.56201171875 0.68603515625 0.009765625 0.0126953125
0 0.5439453125 0.646484375 0.0068359375 0.01171875
0 0.544921875 0.609375 0.005859375 0.0087890625
0 0.580078125 0.62158203125 0.005859375 0.0087890625
0 0.5107421875 0.75537109375 0.0078125 0.009765625
0 0.6552734375 0.6123046875 0.0078125 0.01171875
0 0.72998046875 0.4912109375 0.005859375 0.009765625
0 0.70361328125 0.31298828125 0.0068359375 0.009765625
0 0.6943359375 0.1962890625 0.0048828125 0.0068359375