0 0.47900390625 0.1904296875 0.037109375 0.0302734375
0 0.73095703125 0.56103515625 0.345703125 0.162109375
0 0.62451171875 0.732421875 0.009765625 0.0107421875
0 0.5673828125 0.7626953125 0.0712890625 0.0458984375
0 0.80712890625 0.46728515625 0.033203125 0.0234375
0 0.83154296875 0.4296875 0.05078125 0.0390625
0 0.9365234375 0.44482421875 0.017578125 0.025390625
0 0.89404296875 0.521484375 0.095703125 0.05078125
0 0.86181640625 0.5068359375 0.025390625 0.015625
0 0.88037109375 0.4716796875 0.1357421875 0.07421875
0 0.7041015625 0.59619140625 0.0185546875 0.013671875
0 0.75927734375 0.63330078125 0.015625 0.017578125
0 0.7607421875 0.486328125 0.0322265625 0.02734375
0 0.54052734375 0.63671875 0.044921875 0.03515625
0 0.69287109375 0.68212890625 0.283203125 0.140625
0 0.4130859375 0.7119140625 0.0146484375 0.009765625
0 0.400390625 0.70849609375 0.0146484375 0.0078125
0 0.37451171875 0.6962890625 0.009765625 0.005859375
0 0.365234375 0.6455078125 0.01953125 0.013671875
0 0.412109375 0.66650390625 0.009765625 0.005859375
0 0.42041015625 0.65478515625 0.009765625 0.005859375
0 0.40185546875 0.6376953125 0.013671875 0.0078125
0 0.3916015625 0.60400390625 0.013671875 0.0078125
0 0.404296875 0.5966796875 0.0107421875 0.0068359375
0 0.3193359375 0.6748046875 0.0087890625 0.005859375
0 0.2509765625 0.59521484375 0.013671875 0.0078125
0 0.34228515625 0.51318359375 0.0830078125 0.1328125
0 0.28759765625 0.5048828125 0.0908203125 0.083984375
0 0.1923828125 0.51025390625 0.0107421875 0.0068359375
0 0.2412109375 0.41845703125 0.0166015625 0.0234375
0 0.39306640625 0.6494140625 0.4755859375 0.26171875
0 0.2958984375 0.34912109375 0.27734375 0.3173828125
0 0.6162109375 0.32568359375 0.3564453125 0.25390625
0 0.55078125 0.17626953125 0.08203125 0.0263671875
0 0.75927734375 0.27001953125 0.287109375 0.1953125
0 0.64599609375 0.27099609375 0.0107421875 0.0087890625
0 0.55419921875 0.408203125 0.0146484375 0.0087890625
0 0.47216796875 0.3232421875 0.0205078125 0.013671875
0 0.63818359375 0.49853515625 0.02734375 0.013671875
0 0.4921875 0.21240234375 0.0146484375 0.0078125
0 0.50146484375 0.36669921875 0.0087890625 0.005859375
0 0.38623046875 0.31201171875 0.0107421875 0.009765625
0 0.40478515625 0.2177734375 0.01171875 0.0087890625
0 0.337890625 0.2958984375 0.009765625 0.0087890625
0 0.3486328125 0.357421875 0.017578125 0.015625
0 0.31005859375 0.2646484375 0.0146484375 0.0126953125