0 0.52099609375 0.8095703125 0.037109375 0.0302734375
0 0.26904296875 0.43896484375 0.345703125 0.162109375
0 0.37548828125 0.267578125 0.009765625 0.0107421875
0 0.4326171875 0.2373046875 0.0712890625 0.0458984375
0 0.19287109375 0.53271484375 0.033203125 0.0234375
0 0.16845703125 0.5703125 0.05078125 0.0390625
0 0.0634765625 0.55517578125 0.017578125 0.025390625
0 0.10595703125 0.478515625 0.095703125 0.05078125
0 0.13818359375 0.4931640625 0.025390625 0.015625
0 0.11962890625 0.5283203125 0.1357421875 0.07421875
0 0.2958984375 0.40380859375 0.0185546875 0.013671875
0 0.24072265625 0.36669921875 0.015625 0.017578125
0 0.2392578125 0.513671875 0.0322265625 0.02734375
0 0.45947265625 0.36328125 0.044921875 0.03515625
0 0.30712890625 0.31787109375 0.283203125 0.140625
0 0.5869140625 0.2880859375 0.0146484375 0.009765625
0 0.599609375 0.29150390625 0.0146484375 0.0078125
0 0.62548828125 0.3037109375 0.009765625 0.005859375
0 0.634765625 0.3544921875 0.01953125 0.013671875
0 0.587890625 0.33349609375 0.009765625 0.005859375
0 0.57958984375 0.34521484375 0.009765625 0.005859375
0 0.59814453125 0.3623046875 0.013671875 0.0078125
0 0.6083984375 0.39599609375 0.013671875 0.0078125
0 0.595703125 0.4033203125 0.0107421875 0.0068359375
0 0.6806640625 0.3251953125 0.0087890625 0.005859375
0 0.7490234375 0.40478515625 0.013671875 0.0078125
0 0.65771484375 0.48681640625 0.0830078125 0.1328125
0 0.71240234375 0.4951171875 0.0908203125 0.083984375
0 0.8076171875 0.48974609375 0.0107421875 0.0068359375
0 0.7587890625 0.58154296875 0.0166015625 0.0234375
0 0.60693359375 0.3505859375 0.4755859375 0.26171875
0 0.7041015625 0.65087890625 0.27734375 0.3173828125
0 0.3837890625 0.67431640625 0.3564453125 0.25390625
0 0.44921875 0.82373046875 0.08203125 0.0263671875
0 0.24072265625 0.72998046875 0.287109375 0.1953125
0 0.35400390625 0.72900390625 0.0107421875 0.0087890625
0 0.44580078125 0.591796875 0.0146484375 0.0087890625
0 0.52783203125 0.6767578125 0.0205078125 0.013671875
0 0.36181640625 0.50146484375 0.02734375 0.013671875
0 0.5078125 0.78759765625 0.0146484375 0.0078125
0 0.49853515625 0.63330078125 0.0087890625 0.005859375
0 0.61376953125 0.68798828125 0.0107421875 0.009765625
0 0.59521484375 0.7822265625 0.01171875 0.0087890625
0 0.662109375 0.7041015625 0.009765625 0.0087890625
0 0.6513671875 0.642578125 0.017578125 0.015625
0 0.68994140625 0.7353515625 0.0146484375 0.0126953125