0 0.75830078125 0.34521484375 0.021484375 0.02734375
0 0.6201171875 0.84228515625 0.0107421875 0.009765625
0 0.7705078125 0.68408203125 0.1279296875 0.2265625
0 0.61328125 0.38037109375 0.482421875 0.4453125
0 0.43310546875 0.796875 0.3271484375 0.310546875
0 0.7705078125 0.51904296875 0.015625 0.021484375
0 0.73828125 0.38916015625 0.015625 0.01953125
0 0.51220703125 0.3955078125 0.01171875 0.017578125
0 0.59912109375 0.22119140625 0.052734375 0.0634765625
0 0.546875 0.2666015625 0.025390625 0.03515625
0 0.421875 0.2998046875 0.0634765625 0.0517578125
0 0.42822265625 0.2392578125 0.0341796875 0.0390625
0 0.26904296875 0.46337890625 0.01171875 0.0185546875
0 0.35791015625 0.5205078125 0.017578125 0.0234375
0 0.38623046875 0.533203125 0.013671875 0.013671875
0 0.6240234375 0.49853515625 0.0703125 0.078125
0 0.65234375 0.69775390625 0.0703125 0.099609375
0 0.5712890625 0.71240234375 0.0185546875 0.0166015625
0 0.72998046875 0.83203125 0.01171875 0.0146484375
0 0.453125 0.7080078125 0.046875 0.072265625
0 0.43994140625 0.73388671875 0.009765625 0.009765625
0 0.44775390625 0.7041015625 0.005859375 0.01171875
0 0.4521484375 0.67919921875 0.0048828125 0.009765625
0 0.51318359375 0.73876953125 0.005859375 0.009765625
0 0.26318359375 0.47119140625 0.0341796875 0.2041015625
0 0.56201171875 0.31396484375 0.009765625 0.0126953125
0 0.5439453125 0.353515625 0.0068359375 0.01171875
0 0.544921875 0.390625 0.005859375 0.0087890625
0 0.580078125 0.37841796875 0.005859375 0.0087890625
0 0.5107421875 0.24462890625 0.0078125 0.009765625
0 0.6552734375 0.3876953125 0.0078125 0.01171875
0 0.72998046875 0.5087890625 0.005859375 0.009765625
0 0.70361328125 0.68701171875 0.0068359375 0.009765625
0 0.6943359375 0.8037109375 0.0048828125 0.0068359375