0 0.6669921875 0.728515625 0.0283203125 0.0400390625
0 0.6376953125 0.748046875 0.0146484375 0.0166015625
0 0.56298828125 0.20068359375 0.013671875 0.01953125
0 0.65576171875 0.23779296875 0.01171875 0.009765625
0 0.7177734375 0.591796875 0.0126953125 0.0107421875
0 0.6259765625 0.5 0.0078125 0.01171875
0 0.60302734375 0.47900390625 0.0078125 0.0185546875
0 0.4912109375 0.15234375 0.009765625 0.0146484375
0 0.4794921875 0.22509765625 0.0078125 0.0078125
0 0.41259765625 0.1455078125 0.005859375 0.0078125
0 0.3193359375 0.240234375 0.0078125 0.0087890625
0 0.26220703125 0.3876953125 0.0078125 0.0078125
0 0.248046875 0.31884765625 0.0068359375 0.009765625
0 0.32470703125 0.7353515625 0.005859375 0.01171875
0 0.42333984375 0.71484375 0.009765625 0.01171875
0 0.4150390625 0.65283203125 0.033203125 0.048828125
0 0.5126953125 0.65283203125 0.009765625 0.0087890625
0 0.509765625 0.63134765625 0.0068359375 0.0078125
0 0.583984375 0.61083984375 0.005859375 0.005859375
0 0.58642578125 0.71875 0.005859375 0.01171875
0 0.587890625 0.66455078125 0.0048828125 0.0068359375
0 0.42333984375 0.77001953125 0.0078125 0.009765625
0 0.49560546875 0.439453125 0.005859375 0.0078125
0 0.5556640625 0.2998046875 0.0078125 0.009765625
0 0.4609375 0.22265625 0.005859375 0.009765625
0 0.451171875 0.17578125 0.005859375 0.0078125
0 0.44873046875 0.318359375 0.0048828125 0.0078125
0 0.3994140625 0.28076171875 0.005859375 0.0087890625
0 0.29638671875 0.3095703125 0.005859375 0.009765625
0 0.4091796875 0.4267578125 0.005859375 0.0078125
0 0.2548828125 0.52880859375 0.0048828125 0.0078125
0 0.25390625 0.5615234375 0.00390625 0.0068359375
0 0.27880859375 0.650390625 0.0048828125 0.009765625
0 0.22900390625 0.634765625 0.005859375 0.005859375
0 0.2880859375 0.74609375 0.005859375 0.0078125