0 0.271484375 0.3330078125 0.0400390625 0.0283203125
0 0.251953125 0.3623046875 0.0166015625 0.0146484375
0 0.79931640625 0.43701171875 0.01953125 0.013671875
0 0.76220703125 0.34423828125 0.009765625 0.01171875
0 0.408203125 0.2822265625 0.0107421875 0.0126953125
0 0.5 0.3740234375 0.01171875 0.0078125
0 0.52099609375 0.39697265625 0.0185546875 0.0078125
0 0.84765625 0.5087890625 0.0146484375 0.009765625
0 0.77490234375 0.5205078125 0.0078125 0.0078125
0 0.8544921875 0.58740234375 0.0078125 0.005859375
0 0.759765625 0.6806640625 0.0087890625 0.0078125
0 0.6123046875 0.73779296875 0.0078125 0.0078125
0 0.68115234375 0.751953125 0.009765625 0.0068359375
0 0.2646484375 0.67529296875 0.01171875 0.005859375
0 0.28515625 0.57666015625 0.01171875 0.009765625
0 0.34716796875 0.5849609375 0.048828125 0.033203125
0 0.34716796875 0.4873046875 0.0087890625 0.009765625
0 0.36865234375 0.490234375 0.0078125 0.0068359375
0 0.38916015625 0.416015625 0.005859375 0.005859375
0 0.28125 0.41357421875 0.01171875 0.005859375
0 0.33544921875 0.412109375 0.0068359375 0.0048828125
0 0.22998046875 0.57666015625 0.009765625 0.0078125
0 0.560546875 0.50439453125 0.0078125 0.005859375
0 0.7001953125 0.4443359375 0.009765625 0.0078125
0 0.77734375 0.5390625 0.009765625 0.005859375
0 0.82421875 0.548828125 0.0078125 0.005859375
0 0.681640625 0.55126953125 0.0078125 0.0048828125
0 0.71923828125 0.6005859375 0.0087890625 0.005859375
0 0.6904296875 0.70361328125 0.009765625 0.005859375
0 0.5732421875 0.5908203125 0.0078125 0.005859375
0 0.47119140625 0.7451171875 0.0078125 0.0048828125
0 0.4384765625 0.74609375 0.0068359375 0.00390625
0 0.349609375 0.72119140625 0.009765625 0.0048828125
0 0.365234375 0.77099609375 0.005859375 0.005859375
0 0.25390625 0.7119140625 0.0078125 0.005859375